1, 25.01, 58.54, 8.31, 0.06, 2026-03-15 16:34:17
2, 29.10, 50.59, 8.40, 0.11, 2026-03-15 16:35:17
3, 30.76, 75.93, 8.36, 0.05, 2026-03-15 16:36:17
4, 29.97, 53.79, 7.51, 0.09, 2026-03-15 16:37:17
5, 25.64, 39.62, 7.67, 0.04, 2026-03-15 16:38:17
6, 31.92, 47.34, 7.50, 0.04, 2026-03-15 16:39:17
7, 25.06, 40.90, 8.07, 0.16, 2026-03-15 16:40:17
8, 29.21, 62.68, 8.16, 0.05, 2026-03-15 16:41:17
9, 28.16, 38.45, 8.11, 0.02, 2026-03-15 16:42:17
10, 30.48, 81.25, 7.80, 0.16, 2026-03-15 16:43:17
11, 31.13, 74.03, 8.43, 0.29, 2026-03-15 16:44:17
12, 28.78, 18.52, 7.74, 0.14, 2026-03-15 16:45:17
13, 31.04, 24.91, 8.34, 0.23, 2026-03-15 16:46:17
14, 31.98, 99.97, 7.89, 0.18, 2026-03-15 16:47:17
15, 26.86, 33.24, 7.52, 0.25, 2026-03-15 16:48:17
16, 27.63, 13.80, 7.56, 0.20, 2026-03-15 16:49:17
17, 25.06, 92.29, 7.77, 0.08, 2026-03-15 16:50:17
18, 29.12, 70.66, 8.23, 0.25, 2026-03-15 16:51:17
19, 28.39, 24.51, 7.97, 0.22, 2026-03-15 16:52:17
20, 28.21, 95.17, 7.61, 0.22, 2026-03-15 16:53:17
21, 29.19, 41.60, 8.11, 0.22, 2026-03-15 16:54:17
22, 29.01, 39.33, 7.73, 0.05, 2026-03-15 16:55:17
23, 27.98, 81.27, 8.49, 0.16, 2026-03-15 16:56:17
24, 30.26, 37.83, 8.16, 0.05, 2026-03-15 16:57:17
25, 28.44, 11.04, 8.00, 0.21, 2026-03-15 16:58:17
26, 26.03, 95.21, 8.41, 0.04, 2026-03-15 16:59:17
27, 29.85, 33.79, 7.57, 0.13, 2026-03-15 17:00:17
28, 31.77, 69.90, 8.38, 0.05, 2026-03-15 17:01:17
29, 30.75, 60.29, 7.68, 0.06, 2026-03-15 17:02:17
30, 30.72, 50.15, 8.00, 0.05, 2026-03-15 17:03:17
31, 30.12, 43.53, 8.07, 0.08, 2026-03-15 17:04:17
32, 29.78, 76.81, 7.98, 0.22, 2026-03-15 17:05:17
33, 25.86, 39.94, 7.54, 0.25, 2026-03-15 17:06:17
34, 28.62, 67.98, 7.60, 0.13, 2026-03-15 17:07:17
35, 31.65, 92.53, 7.85, 0.16, 2026-03-15 17:08:17
36, 28.30, 40.62, 7.82, 0.25, 2026-03-15 17:09:17
37, 28.19, 30.83, 7.80, 0.29, 2026-03-15 17:10:17
38, 30.17, 58.89, 8.26, 0.06, 2026-03-15 17:11:17
39, 30.88, 42.78, 8.39, 0.15, 2026-03-15 17:12:17
40, 25.19, 99.49, 7.55, 0.17, 2026-03-15 17:13:17
41, 28.72, 23.44, 8.13, 0.25, 2026-03-15 17:14:17
42, 29.60, 23.80, 7.62, 0.25, 2026-03-15 17:15:17
43, 25.77, 75.60, 8.44, 0.09, 2026-03-15 17:16:17
44, 27.00, 36.95, 8.23, 0.04, 2026-03-15 17:17:17
45, 30.84, 72.26, 8.25, 0.18, 2026-03-15 17:18:17
46, 26.77, 18.73, 7.56, 0.00, 2026-03-15 17:19:17
47, 30.64, 86.00, 7.62, 0.06, 2026-03-15 17:20:17
48, 28.87, 6.35, 7.95, 0.03, 2026-03-15 17:21:17
49, 30.27, 70.18, 7.57, 0.16, 2026-03-15 17:22:17
50, 28.06, 24.18, 7.79, 0.21, 2026-03-15 17:23:17
51, 28.06, 27.08, 8.03, 0.17, 2026-03-15 17:24:17
52, 29.40, 20.22, 8.46, 0.15, 2026-03-15 17:25:17
53, 29.87, 92.86, 7.84, 0.06, 2026-03-15 17:26:17
54, 26.25, 99.54, 8.50, 0.14, 2026-03-15 17:27:17
55, 25.68, 64.39, 7.94, 0.03, 2026-03-15 17:28:17
56, 31.52, 9.60, 7.79, 0.27, 2026-03-15 17:29:17
57, 26.59, 78.06, 7.70, 0.12, 2026-03-15 17:30:17
58, 29.40, 62.39, 7.97, 0.14, 2026-03-15 17:31:17
59, 29.18, 65.30, 8.33, 0.26, 2026-03-15 17:32:17
60, 29.37, 73.49, 7.88, 0.17, 2026-03-15 17:33:17
61, 26.29, 75.10, 8.41, 0.17, 2026-03-15 17:34:17
62, 26.70, 22.95, 8.20, 0.18, 2026-03-15 17:35:17
63, 29.09, 38.37, 7.58, 0.15, 2026-03-15 17:36:17
64, 30.19, 63.14, 8.19, 0.19, 2026-03-15 17:37:17
65, 30.63, 19.17, 8.37, 0.17, 2026-03-15 17:38:17
66, 31.38, 63.40, 7.54, 0.22, 2026-03-15 17:39:17
67, 29.67, 97.77, 8.07, 0.09, 2026-03-15 17:40:17
68, 27.14, 21.52, 8.37, 0.03, 2026-03-15 17:41:17
69, 30.96, 75.71, 7.83, 0.05, 2026-03-15 17:42:17
70, 25.56, 12.28, 8.32, 0.19, 2026-03-15 17:43:17
71, 28.82, 47.58, 7.80, 0.12, 2026-03-15 17:44:17
72, 28.26, 52.61, 7.82, 0.05, 2026-03-15 17:45:17
73, 30.17, 34.82, 8.46, 0.25, 2026-03-15 17:46:17
74, 31.11, 73.88, 8.44, 0.09, 2026-03-15 17:47:17
75, 25.89, 11.25, 8.02, 0.24, 2026-03-15 17:48:17
76, 29.27, 95.83, 8.38, 0.02, 2026-03-15 17:49:17
77, 29.58, 35.60, 8.01, 0.03, 2026-03-15 17:50:17
78, 26.59, 32.58, 8.05, 0.28, 2026-03-15 17:51:17
79, 29.64, 15.88, 7.88, 0.15, 2026-03-15 17:52:17
80, 28.48, 80.37, 7.88, 0.15, 2026-03-15 17:53:17
81, 29.82, 55.55, 7.90, 0.18, 2026-03-15 17:54:17
82, 25.04, 72.25, 8.12, 0.03, 2026-03-15 17:55:17
83, 31.04, 51.69, 8.00, 0.22, 2026-03-15 17:56:17
84, 27.66, 79.61, 7.86, 0.17, 2026-03-15 17:57:17
85, 31.69, 64.93, 7.87, 0.05, 2026-03-15 17:58:17
86, 25.92, 75.61, 8.11, 0.29, 2026-03-15 17:59:17
87, 25.19, 36.34, 8.14, 0.02, 2026-03-15 18:00:17
88, 25.92, 85.47, 8.10, 0.26, 2026-03-15 18:01:17
89, 30.05, 86.13, 7.63, 0.00, 2026-03-15 18:02:17
90, 29.96, 63.63, 7.57, 0.07, 2026-03-15 18:03:17
91, 26.18, 64.29, 7.82, 0.10, 2026-03-15 18:04:17
92, 27.57, 67.80, 8.31, 0.24, 2026-03-15 18:05:17
93, 28.69, 63.05, 8.40, 0.24, 2026-03-15 18:06:17
94, 26.01, 64.87, 7.75, 0.12, 2026-03-15 18:07:17
95, 25.96, 86.24, 7.93, 0.02, 2026-03-15 18:08:17
96, 29.01, 33.72, 7.73, 0.16, 2026-03-15 18:09:17
97, 27.18, 15.51, 7.63, 0.24, 2026-03-15 18:10:17
98, 26.99, 79.87, 8.29, 0.27, 2026-03-15 18:11:17
99, 30.21, 63.45, 8.36, 0.11, 2026-03-15 18:12:17
100, 26.60, 87.04, 7.75, 0.07, 2026-03-15 18:13:17
101, 28.80, 98.56, 7.58, 0.02, 2026-03-15 18:14:17
102, 28.67, 45.55, 7.76, 0.03, 2026-03-15 18:15:17
103, 31.24, 27.11, 7.63, 0.04, 2026-03-15 18:16:17
104, 31.52, 12.61, 7.56, 0.01, 2026-03-15 18:17:17
105, 27.35, 91.90, 7.93, 0.12, 2026-03-15 18:18:17
106, 31.62, 84.53, 8.34, 0.16, 2026-03-15 18:19:17
107, 29.85, 42.78, 7.50, 0.08, 2026-03-15 18:20:17
108, 28.68, 95.71, 7.74, 0.12, 2026-03-15 18:21:17
109, 29.10, 29.24, 8.45, 0.21, 2026-03-15 18:22:17
110, 28.05, 89.57, 8.44, 0.00, 2026-03-15 18:23:17
111, 29.21, 79.68, 7.64, 0.17, 2026-03-15 18:24:17
112, 26.56, 41.39, 7.92, 0.00, 2026-03-15 18:25:17
113, 25.58, 67.69, 7.56, 0.26, 2026-03-15 18:26:17
114, 30.68, 67.90, 8.30, 0.21, 2026-03-15 18:27:17
115, 28.71, 70.13, 8.19, 0.04, 2026-03-15 18:28:17
116, 30.10, 78.88, 8.37, 0.01, 2026-03-15 18:29:17
117, 29.51, 72.12, 8.05, 0.03, 2026-03-15 18:30:17
118, 31.64, 10.58, 7.65, 0.08, 2026-03-15 18:31:17
119, 31.87, 63.90, 8.42, 0.09, 2026-03-15 18:32:17
120, 27.57, 70.98, 7.66, 0.07, 2026-03-15 18:33:17
121, 26.68, 54.54, 7.61, 0.27, 2026-03-15 18:34:17
122, 31.32, 46.96, 8.28, 0.02, 2026-03-15 18:35:17
123, 26.20, 97.57, 8.37, 0.23, 2026-03-15 18:36:17
124, 26.47, 48.38, 8.25, 0.00, 2026-03-15 18:37:17
125, 25.80, 43.45, 8.49, 0.09, 2026-03-15 18:38:17
126, 25.27, 28.95, 7.75, 0.06, 2026-03-15 18:39:17
127, 26.07, 63.93, 8.44, 0.27, 2026-03-15 18:40:17
128, 26.37, 79.07, 8.16, 0.19, 2026-03-15 18:41:17
129, 31.36, 48.27, 8.16, 0.28, 2026-03-15 18:42:17
130, 26.06, 65.45, 7.92, 0.17, 2026-03-15 18:43:17
131, 31.60, 56.35, 8.04, 0.17, 2026-03-15 18:44:17
132, 26.79, 42.71, 7.54, 0.11, 2026-03-15 18:45:17
133, 30.57, 23.67, 7.89, 0.02, 2026-03-15 18:46:17
134, 29.14, 11.74, 7.66, 0.06, 2026-03-15 18:47:17
135, 29.51, 48.16, 8.20, 0.18, 2026-03-15 18:48:17
136, 28.09, 70.02, 8.34, 0.12, 2026-03-15 18:49:17
137, 29.15, 23.96, 8.38, 0.28, 2026-03-15 18:50:17
138, 27.74, 98.81, 8.40, 0.06, 2026-03-15 18:51:17
139, 29.02, 47.00, 8.21, 0.19, 2026-03-15 18:52:17
140, 25.35, 32.13, 7.91, 0.08, 2026-03-15 18:53:17
141, 31.27, 72.47, 8.40, 0.22, 2026-03-15 18:54:17
142, 27.75, 42.75, 7.81, 0.27, 2026-03-15 18:55:17
143, 27.72, 59.20, 8.23, 0.11, 2026-03-15 18:56:17
144, 30.22, 74.96, 7.64, 0.22, 2026-03-15 18:57:17
145, 26.40, 30.90, 8.41, 0.20, 2026-03-15 18:58:17
146, 27.57, 54.18, 8.41, 0.03, 2026-03-15 18:59:17
147, 26.42, 54.21, 7.94, 0.20, 2026-03-15 19:00:17
148, 29.81, 13.59, 7.58, 0.02, 2026-03-15 19:01:17
149, 25.19, 38.73, 8.20, 0.09, 2026-03-15 19:02:17
150, 26.00, 42.51, 8.18, 0.02, 2026-03-15 19:03:17
151, 30.07, 23.88, 8.12, 0.21, 2026-03-15 19:04:17
152, 29.58, 56.68, 8.05, 0.03, 2026-03-15 19:05:17
153, 25.35, 97.58, 8.47, 0.14, 2026-03-15 19:06:17
154, 30.10, 55.44, 8.19, 0.20, 2026-03-15 19:07:17
155, 27.60, 41.92, 8.31, 0.01, 2026-03-15 19:08:17
156, 26.19, 10.78, 8.28, 0.09, 2026-03-15 19:09:17
157, 26.49, 35.58, 7.51, 0.15, 2026-03-15 19:10:17
158, 28.08, 53.25, 8.26, 0.18, 2026-03-15 19:11:17
159, 27.81, 38.23, 8.44, 0.25, 2026-03-15 19:12:17
160, 29.36, 99.74, 8.06, 0.02, 2026-03-15 19:13:17
161, 31.04, 41.74, 7.78, 0.09, 2026-03-15 19:14:17
162, 25.19, 63.19, 7.52, 0.12, 2026-03-15 19:15:17
163, 25.22, 48.29, 8.44, 0.26, 2026-03-15 19:16:17
164, 27.81, 74.09, 8.31, 0.18, 2026-03-15 19:17:17
165, 31.13, 60.35, 7.58, 0.18, 2026-03-15 19:18:17
166, 30.55, 48.91, 8.09, 0.18, 2026-03-15 19:19:17
167, 28.98, 82.53, 7.84, 0.20, 2026-03-15 19:20:17
168, 25.07, 30.39, 7.73, 0.10, 2026-03-15 19:21:17
169, 30.40, 40.32, 7.62, 0.26, 2026-03-15 19:22:17
170, 30.08, 64.75, 7.68, 0.27, 2026-03-15 19:23:17
171, 28.75, 90.69, 8.47, 0.23, 2026-03-15 19:24:17
172, 26.38, 90.65, 8.45, 0.24, 2026-03-15 19:25:17
173, 30.94, 89.58, 7.69, 0.19, 2026-03-15 19:26:17
174, 29.32, 30.17, 8.23, 0.08, 2026-03-15 19:27:17
175, 30.52, 21.24, 7.98, 0.21, 2026-03-15 19:28:17
176, 25.57, 81.62, 7.62, 0.26, 2026-03-15 19:29:17
177, 27.15, 59.47, 8.26, 0.14, 2026-03-15 19:30:17
178, 26.34, 74.14, 7.52, 0.30, 2026-03-15 19:31:17
179, 29.53, 70.71, 7.57, 0.05, 2026-03-15 19:32:17
180, 26.92, 69.28, 8.06, 0.25, 2026-03-15 19:33:17
181, 27.60, 79.05, 8.14, 0.07, 2026-03-15 19:34:17
182, 26.62, 24.44, 7.78, 0.29, 2026-03-15 19:35:17
183, 25.16, 78.08, 7.55, 0.05, 2026-03-15 19:36:17
184, 25.06, 38.12, 7.84, 0.19, 2026-03-15 19:37:17
185, 27.90, 44.57, 8.05, 0.03, 2026-03-15 19:38:17
186, 29.89, 37.11, 8.38, 0.20, 2026-03-15 19:39:17
187, 28.75, 59.15, 7.97, 0.02, 2026-03-15 19:40:17
188, 26.82, 45.55, 7.99, 0.26, 2026-03-15 19:41:17
189, 25.61, 58.75, 8.28, 0.21, 2026-03-15 19:42:17
190, 31.05, 85.80, 8.36, 0.09, 2026-03-15 19:43:17
191, 29.51, 75.95, 8.27, 0.25, 2026-03-15 19:44:17
192, 31.10, 91.29, 8.02, 0.27, 2026-03-15 19:45:17
193, 28.08, 15.23, 8.32, 0.11, 2026-03-15 19:46:17
194, 27.99, 21.13, 8.16, 0.00, 2026-03-15 19:47:17
195, 30.41, 11.05, 7.89, 0.03, 2026-03-15 19:48:17
196, 29.79, 81.72, 7.64, 0.05, 2026-03-15 19:49:17
197, 25.34, 37.88, 8.48, 0.01, 2026-03-15 19:50:17
198, 29.53, 10.10, 8.14, 0.27, 2026-03-15 19:51:17
199, 28.02, 7.00, 7.89, 0.07, 2026-03-15 19:52:17
200, 29.58, 79.28, 8.33, 0.01, 2026-03-15 19:53:17
201, 25.97, 65.26, 8.48, 0.17, 2026-03-15 19:54:17
202, 28.24, 25.40, 8.28, 0.09, 2026-03-15 19:55:17
203, 27.40, 50.66, 7.60, 0.18, 2026-03-15 19:56:17
204, 31.89, 76.80, 7.96, 0.05, 2026-03-15 19:57:17
205, 29.98, 99.88, 8.14, 0.23, 2026-03-15 19:58:17
206, 29.35, 94.88, 7.79, 0.21, 2026-03-15 19:59:17
207, 28.97, 32.59, 8.21, 0.16, 2026-03-15 20:00:17
208, 26.73, 56.93, 8.45, 0.15, 2026-03-15 20:01:17
209, 29.69, 77.69, 7.95, 0.19, 2026-03-15 20:02:17
210, 30.59, 75.83, 7.70, 0.30, 2026-03-15 20:03:17
211, 29.41, 91.43, 8.42, 0.18, 2026-03-15 20:04:17
212, 28.54, 51.49, 8.39, 0.13, 2026-03-15 20:05:17
213, 31.58, 22.38, 7.70, 0.08, 2026-03-15 20:06:17
214, 30.11, 94.41, 7.54, 0.19, 2026-03-15 20:07:17
215, 29.49, 8.28, 8.04, 0.17, 2026-03-15 20:08:17
216, 28.12, 10.83, 7.63, 0.30, 2026-03-15 20:09:17
217, 29.21, 9.78, 8.16, 0.05, 2026-03-15 20:10:17
218, 27.33, 35.02, 7.91, 0.20, 2026-03-15 20:11:17
219, 27.99, 26.05, 7.67, 0.20, 2026-03-15 20:12:17
220, 28.48, 53.23, 7.94, 0.24, 2026-03-15 20:13:17
221, 25.03, 37.25, 7.63, 0.11, 2026-03-15 20:14:17
222, 30.79, 74.66, 8.14, 0.27, 2026-03-15 20:15:17
223, 29.55, 53.88, 8.24, 0.22, 2026-03-15 20:16:17
224, 31.70, 49.25, 7.61, 0.11, 2026-03-15 20:17:17
225, 31.33, 83.02, 7.61, 0.14, 2026-03-15 20:18:17
226, 31.09, 77.33, 7.92, 0.01, 2026-03-15 20:19:17
227, 31.55, 11.44, 7.71, 0.05, 2026-03-15 20:20:17
228, 25.82, 61.16, 8.12, 0.04, 2026-03-15 20:21:17
229, 29.06, 70.58, 8.42, 0.22, 2026-03-15 20:22:17
230, 29.69, 33.36, 7.88, 0.24, 2026-03-15 20:23:17
231, 31.98, 78.39, 7.67, 0.06, 2026-03-15 20:24:17
232, 27.72, 22.22, 7.70, 0.17, 2026-03-15 20:25:17
233, 31.72, 23.07, 7.80, 0.11, 2026-03-15 20:26:17
234, 25.85, 23.82, 8.27, 0.01, 2026-03-15 20:27:17
235, 30.33, 88.70, 7.95, 0.00, 2026-03-15 20:28:17
236, 27.98, 81.15, 7.99, 0.14, 2026-03-15 20:29:17
237, 30.25, 27.66, 7.59, 0.17, 2026-03-15 20:30:17
238, 31.45, 89.91, 7.56, 0.26, 2026-03-15 20:31:17
239, 28.44, 65.04, 8.26, 0.22, 2026-03-15 20:32:17
240, 26.79, 91.44, 7.70, 0.24, 2026-03-15 20:33:17
241, 28.87, 9.87, 8.29, 0.16, 2026-03-15 20:34:17
242, 29.93, 7.28, 8.05, 0.22, 2026-03-15 20:35:17
243, 31.40, 88.18, 7.81, 0.24, 2026-03-15 20:36:17
244, 27.76, 50.78, 8.15, 0.02, 2026-03-15 20:37:17
245, 25.01, 78.01, 7.72, 0.23, 2026-03-15 20:38:17
246, 26.08, 10.47, 7.53, 0.20, 2026-03-15 20:39:17
247, 27.42, 71.30, 7.94, 0.24, 2026-03-15 20:40:17
248, 31.87, 65.38, 7.98, 0.09, 2026-03-15 20:41:17
249, 31.12, 12.53, 7.64, 0.03, 2026-03-15 20:42:17
250, 26.00, 92.21, 7.87, 0.09, 2026-03-15 20:43:17
251, 30.70, 9.43, 7.74, 0.24, 2026-03-15 20:44:17
252, 31.29, 29.37, 7.71, 0.08, 2026-03-15 20:45:17
253, 26.61, 85.38, 8.39, 0.26, 2026-03-15 20:46:17
254, 30.91, 62.88, 7.67, 0.01, 2026-03-15 20:47:17
255, 26.29, 38.81, 7.69, 0.13, 2026-03-15 20:48:17
256, 31.26, 64.19, 8.41, 0.16, 2026-03-15 20:49:17
257, 28.66, 74.41, 8.47, 0.30, 2026-03-15 20:50:17
258, 31.07, 84.82, 7.87, 0.04, 2026-03-15 20:51:17
259, 26.99, 21.24, 8.24, 0.29, 2026-03-15 20:52:17
260, 30.02, 7.93, 8.31, 0.19, 2026-03-15 20:53:17
261, 30.15, 82.73, 8.22, 0.04, 2026-03-15 20:54:17
262, 27.63, 66.73, 8.39, 0.27, 2026-03-15 20:55:17
263, 25.23, 78.48, 7.51, 0.13, 2026-03-15 20:56:17
264, 26.60, 44.75, 8.42, 0.05, 2026-03-15 20:57:17
265, 28.51, 28.07, 8.41, 0.23, 2026-03-15 20:58:17
266, 26.49, 8.05, 7.73, 0.23, 2026-03-15 20:59:17
267, 28.90, 81.61, 7.83, 0.26, 2026-03-15 21:00:17
268, 28.77, 99.22, 8.15, 0.26, 2026-03-15 21:01:17
269, 26.59, 82.22, 7.87, 0.11, 2026-03-15 21:02:17
270, 25.24, 58.32, 7.62, 0.12, 2026-03-15 21:03:17
271, 27.27, 90.41, 8.44, 0.06, 2026-03-15 21:04:17
272, 25.88, 85.69, 7.95, 0.27, 2026-03-15 21:05:17
273, 26.55, 65.30, 8.12, 0.17, 2026-03-15 21:06:17
274, 27.97, 6.57, 7.64, 0.26, 2026-03-15 21:07:17
275, 26.87, 32.74, 8.06, 0.20, 2026-03-15 21:08:17
276, 31.71, 62.69, 7.92, 0.24, 2026-03-15 21:09:17
277, 30.73, 75.25, 8.02, 0.04, 2026-03-15 21:10:17
278, 25.14, 5.66, 7.83, 0.22, 2026-03-15 21:11:17
279, 31.31, 48.92, 7.55, 0.23, 2026-03-15 21:12:17
280, 29.42, 7.30, 8.47, 0.20, 2026-03-15 21:13:17
281, 28.50, 72.11, 8.32, 0.08, 2026-03-15 21:14:17
282, 29.53, 61.74, 8.34, 0.08, 2026-03-15 21:15:17
283, 28.22, 76.08, 7.51, 0.11, 2026-03-15 21:16:17
284, 28.34, 64.52, 7.88, 0.12, 2026-03-15 21:17:17
285, 25.19, 32.44, 8.38, 0.18, 2026-03-15 21:18:17
286, 28.03, 93.50, 8.03, 0.11, 2026-03-15 21:19:17
287, 25.07, 97.55, 7.94, 0.26, 2026-03-15 21:20:17
288, 29.90, 36.63, 8.00, 0.18, 2026-03-15 21:21:17
289, 28.92, 8.71, 7.73, 0.11, 2026-03-15 21:22:17
290, 31.56, 86.65, 8.11, 0.29, 2026-03-15 21:23:17
291, 29.09, 12.26, 7.81, 0.12, 2026-03-15 21:24:17
292, 28.49, 12.60, 7.80, 0.26, 2026-03-15 21:25:17
293, 30.47, 93.62, 7.72, 0.18, 2026-03-15 21:26:17
294, 26.96, 58.27, 7.75, 0.26, 2026-03-15 21:27:17
295, 27.11, 74.08, 7.73, 0.26, 2026-03-15 21:28:17
296, 26.33, 47.45, 8.07, 0.27, 2026-03-15 21:29:17
297, 25.20, 99.55, 8.12, 0.02, 2026-03-15 21:30:17
298, 26.80, 21.13, 7.73, 0.03, 2026-03-15 21:31:17
299, 28.46, 96.18, 7.58, 0.01, 2026-03-15 21:32:17
300, 27.36, 31.57, 7.99, 0.15, 2026-03-15 21:33:17
301, 27.89, 92.85, 7.79, 0.18, 2026-03-15 21:34:17
302, 28.33, 43.16, 8.05, 0.29, 2026-03-15 21:35:17
303, 30.84, 80.47, 8.09, 0.24, 2026-03-15 21:36:17
304, 31.09, 35.22, 7.77, 0.28, 2026-03-15 21:37:17
305, 31.60, 73.28, 8.27, 0.04, 2026-03-15 21:38:17
306, 28.31, 21.71, 7.54, 0.01, 2026-03-15 21:39:17
307, 28.18, 86.92, 7.51, 0.04, 2026-03-15 21:40:17
308, 26.49, 82.76, 8.28, 0.24, 2026-03-15 21:41:17
309, 29.61, 33.38, 8.42, 0.23, 2026-03-15 21:42:17
310, 30.89, 28.05, 7.52, 0.15, 2026-03-15 21:43:17
311, 25.53, 7.93, 8.22, 0.11, 2026-03-15 21:44:17
312, 27.87, 22.14, 7.68, 0.09, 2026-03-15 21:45:17
313, 30.21, 17.80, 8.03, 0.02, 2026-03-15 21:46:17
314, 27.51, 81.64, 8.40, 0.05, 2026-03-15 21:47:17
315, 25.92, 7.78, 8.32, 0.05, 2026-03-15 21:48:17
316, 26.74, 59.22, 8.04, 0.10, 2026-03-15 21:49:17
317, 29.65, 87.72, 8.45, 0.28, 2026-03-15 21:50:17
318, 25.74, 19.56, 8.30, 0.17, 2026-03-15 21:51:17
319, 31.27, 11.89, 8.32, 0.26, 2026-03-15 21:52:17
320, 27.72, 57.13, 7.95, 0.20, 2026-03-15 21:53:17
321, 26.97, 95.20, 8.23, 0.29, 2026-03-15 21:54:17
322, 29.16, 30.88, 7.70, 0.04, 2026-03-15 21:55:17
323, 29.20, 51.30, 7.73, 0.11, 2026-03-15 21:56:17
324, 28.35, 70.72, 8.17, 0.28, 2026-03-15 21:57:17
325, 31.88, 27.56, 7.74, 0.15, 2026-03-15 21:58:17
326, 31.29, 51.01, 8.04, 0.10, 2026-03-15 21:59:17
327, 29.00, 36.97, 7.67, 0.10, 2026-03-15 22:00:17
328, 27.03, 25.83, 8.24, 0.28, 2026-03-15 22:01:17
329, 30.65, 66.79, 7.77, 0.21, 2026-03-15 22:02:17
330, 30.37, 11.12, 8.36, 0.22, 2026-03-15 22:03:17
331, 27.39, 9.22, 7.52, 0.15, 2026-03-15 22:04:17
332, 30.87, 63.76, 8.10, 0.16, 2026-03-15 22:05:17
333, 28.98, 78.85, 8.20, 0.19, 2026-03-15 22:06:17
334, 30.32, 87.46, 7.92, 0.05, 2026-03-15 22:07:17
335, 30.51, 7.04, 7.54, 0.13, 2026-03-15 22:08:17
336, 28.54, 30.58, 7.74, 0.02, 2026-03-15 22:09:17
337, 31.87, 53.11, 7.57, 0.18, 2026-03-15 22:10:17
338, 27.57, 95.78, 7.84, 0.26, 2026-03-15 22:11:17
339, 26.69, 32.51, 8.49, 0.02, 2026-03-15 22:12:17
340, 26.21, 11.55, 7.80, 0.07, 2026-03-15 22:13:17
341, 30.51, 66.71, 7.76, 0.03, 2026-03-15 22:14:17
342, 25.96, 25.67, 7.68, 0.17, 2026-03-15 22:15:17
343, 29.43, 15.16, 8.26, 0.14, 2026-03-15 22:16:17
344, 27.34, 10.45, 8.19, 0.08, 2026-03-15 22:17:17
345, 31.11, 58.92, 7.58, 0.26, 2026-03-15 22:18:17
346, 30.57, 99.97, 8.12, 0.19, 2026-03-15 22:19:17
347, 29.16, 61.35, 8.48, 0.06, 2026-03-15 22:20:17
348, 26.62, 9.02, 7.76, 0.07, 2026-03-15 22:21:17
349, 27.85, 80.52, 8.40, 0.08, 2026-03-15 22:22:17
350, 27.66, 74.12, 7.55, 0.06, 2026-03-15 22:23:17
351, 29.23, 38.63, 8.17, 0.11, 2026-03-15 22:24:17
352, 31.83, 26.25, 7.85, 0.27, 2026-03-15 22:25:17
353, 31.67, 68.19, 7.78, 0.06, 2026-03-15 22:26:17
354, 27.49, 55.54, 7.72, 0.09, 2026-03-15 22:27:17
355, 25.70, 15.14, 8.34, 0.21, 2026-03-15 22:28:17
356, 29.70, 82.82, 7.99, 0.00, 2026-03-15 22:29:17
357, 29.23, 93.86, 8.11, 0.09, 2026-03-15 22:30:17
358, 30.23, 88.01, 8.33, 0.27, 2026-03-15 22:31:17
359, 29.24, 33.96, 7.65, 0.24, 2026-03-15 22:32:17
360, 28.80, 70.46, 8.49, 0.12, 2026-03-15 22:33:17
361, 25.71, 44.10, 8.19, 0.01, 2026-03-15 22:34:17
362, 26.81, 21.06, 7.69, 0.07, 2026-03-15 22:35:17
363, 31.04, 77.51, 7.98, 0.01, 2026-03-15 22:36:17
364, 25.39, 96.32, 8.07, 0.03, 2026-03-15 22:37:17
365, 31.74, 59.52, 7.91, 0.26, 2026-03-15 22:38:17
366, 27.82, 44.28, 8.32, 0.20, 2026-03-15 22:39:17
367, 31.62, 31.90, 8.12, 0.00, 2026-03-15 22:40:17
368, 25.35, 67.33, 8.45, 0.13, 2026-03-15 22:41:17
369, 29.23, 24.08, 7.84, 0.12, 2026-03-15 22:42:17
370, 29.36, 81.80, 7.61, 0.00, 2026-03-15 22:43:17
371, 27.76, 31.30, 8.32, 0.10, 2026-03-15 22:44:17
372, 30.97, 34.60, 8.06, 0.06, 2026-03-15 22:45:17
373, 28.28, 99.54, 7.87, 0.13, 2026-03-15 22:46:17
374, 27.93, 41.56, 8.38, 0.17, 2026-03-15 22:47:17
375, 27.36, 42.37, 8.01, 0.29, 2026-03-15 22:48:17
376, 27.93, 62.79, 7.58, 0.23, 2026-03-15 22:49:17
377, 26.06, 24.75, 7.82, 0.03, 2026-03-15 22:50:17
378, 28.30, 64.77, 7.58, 0.10, 2026-03-15 22:51:17
379, 29.30, 18.57, 8.32, 0.08, 2026-03-15 22:52:17
380, 28.07, 99.47, 7.61, 0.07, 2026-03-15 22:53:17
381, 28.63, 30.14, 8.08, 0.00, 2026-03-15 22:54:17
382, 30.39, 15.21, 7.87, 0.29, 2026-03-15 22:55:17
383, 31.33, 54.56, 7.80, 0.07, 2026-03-15 22:56:17
384, 28.35, 34.51, 8.26, 0.12, 2026-03-15 22:57:17
385, 30.89, 41.97, 8.22, 0.13, 2026-03-15 22:58:17
386, 30.14, 13.68, 8.25, 0.02, 2026-03-15 22:59:17
387, 30.93, 65.59, 7.98, 0.11, 2026-03-15 23:00:17
388, 25.66, 44.45, 7.84, 0.06, 2026-03-15 23:01:17
389, 31.39, 26.79, 7.65, 0.09, 2026-03-15 23:02:17
390, 27.39, 22.32, 7.71, 0.08, 2026-03-15 23:03:17
391, 26.21, 36.85, 8.00, 0.02, 2026-03-15 23:04:17
392, 31.75, 81.88, 8.41, 0.13, 2026-03-15 23:05:17
393, 26.25, 50.78, 8.20, 0.14, 2026-03-15 23:06:17
394, 26.74, 93.99, 7.80, 0.08, 2026-03-15 23:07:17
395, 30.76, 82.87, 8.30, 0.19, 2026-03-15 23:08:17
396, 25.05, 29.79, 8.45, 0.09, 2026-03-15 23:09:17
397, 31.02, 54.16, 7.76, 0.21, 2026-03-15 23:10:17
398, 31.45, 51.67, 8.33, 0.03, 2026-03-15 23:11:17
399, 25.54, 31.85, 8.14, 0.12, 2026-03-15 23:12:17
400, 28.61, 46.00, 8.47, 0.04, 2026-03-15 23:13:17
401, 25.52, 5.49, 7.91, 0.27, 2026-03-15 23:14:17
402, 30.29, 22.83, 7.92, 0.03, 2026-03-15 23:15:17
403, 29.75, 55.10, 8.34, 0.25, 2026-03-15 23:16:17
404, 26.90, 52.45, 7.65, 0.26, 2026-03-15 23:17:17
405, 31.80, 56.15, 7.57, 0.07, 2026-03-15 23:18:17
406, 26.43, 23.78, 7.70, 0.06, 2026-03-15 23:19:17
407, 31.70, 61.38, 7.79, 0.22, 2026-03-15 23:20:17
408, 29.76, 79.68, 8.43, 0.28, 2026-03-15 23:21:17
409, 30.91, 29.60, 7.56, 0.03, 2026-03-15 23:22:17
410, 31.33, 19.09, 7.86, 0.27, 2026-03-15 23:23:17
411, 31.70, 41.25, 8.18, 0.10, 2026-03-15 23:24:17
412, 31.21, 41.11, 8.17, 0.13, 2026-03-15 23:25:17
413, 26.87, 50.87, 8.30, 0.16, 2026-03-15 23:26:17
414, 30.56, 75.90, 8.33, 0.15, 2026-03-15 23:27:17
415, 28.91, 31.48, 7.55, 0.10, 2026-03-15 23:28:17
416, 31.38, 77.48, 7.78, 0.11, 2026-03-15 23:29:17
417, 26.48, 35.83, 8.38, 0.02, 2026-03-15 23:30:17
418, 26.74, 43.36, 8.38, 0.04, 2026-03-15 23:31:17
419, 29.26, 79.45, 7.95, 0.06, 2026-03-15 23:32:17
420, 30.33, 46.17, 8.30, 0.19, 2026-03-15 23:33:17
421, 26.22, 35.65, 8.21, 0.29, 2026-03-15 23:34:17
422, 26.38, 86.97, 8.24, 0.01, 2026-03-15 23:35:17
423, 25.25, 17.43, 8.05, 0.02, 2026-03-15 23:36:17
424, 28.98, 55.64, 7.58, 0.07, 2026-03-15 23:37:17
425, 27.13, 11.12, 7.63, 0.12, 2026-03-15 23:38:17
426, 26.76, 82.96, 7.77, 0.15, 2026-03-15 23:39:17
427, 31.92, 92.07, 7.78, 0.04, 2026-03-15 23:40:17
428, 29.95, 49.74, 7.84, 0.09, 2026-03-15 23:41:17
429, 28.68, 82.06, 7.57, 0.16, 2026-03-15 23:42:17
430, 30.80, 57.67, 8.01, 0.03, 2026-03-15 23:43:17
431, 31.63, 73.70, 7.95, 0.14, 2026-03-15 23:44:17
432, 31.43, 57.14, 8.38, 0.11, 2026-03-15 23:45:17
433, 29.62, 16.64, 7.61, 0.15, 2026-03-15 23:46:17
434, 26.96, 56.91, 7.87, 0.24, 2026-03-15 23:47:17
435, 31.01, 75.71, 7.86, 0.14, 2026-03-15 23:48:17
436, 28.09, 60.66, 8.13, 0.11, 2026-03-15 23:49:17
437, 28.90, 50.85, 7.69, 0.25, 2026-03-15 23:50:17
438, 25.07, 15.38, 7.72, 0.01, 2026-03-15 23:51:17
439, 26.79, 43.98, 7.94, 0.21, 2026-03-15 23:52:17
440, 25.93, 56.69, 8.31, 0.26, 2026-03-15 23:53:17
441, 26.53, 92.76, 7.64, 0.09, 2026-03-15 23:54:17
442, 29.25, 5.98, 8.04, 0.29, 2026-03-15 23:55:17
443, 27.71, 6.18, 8.39, 0.07, 2026-03-15 23:56:17
444, 29.15, 19.50, 8.04, 0.00, 2026-03-15 23:57:17
445, 31.42, 67.01, 7.91, 0.07, 2026-03-15 23:58:17
446, 31.76, 14.22, 8.01, 0.12, 2026-03-15 23:59:17
447, 27.35, 36.20, 7.75, 0.19, 2026-03-16 00:00:17
448, 27.03, 55.68, 7.98, 0.27, 2026-03-16 00:01:17
449, 27.30, 69.09, 8.08, 0.14, 2026-03-16 00:02:17
450, 27.89, 92.62, 8.16, 0.04, 2026-03-16 00:03:17
451, 26.04, 28.50, 7.60, 0.03, 2026-03-16 00:04:17
452, 29.83, 83.51, 7.95, 0.15, 2026-03-16 00:05:17
453, 29.57, 44.76, 7.60, 0.19, 2026-03-16 00:06:17
454, 30.81, 40.02, 8.02, 0.26, 2026-03-16 00:07:17
455, 31.74, 42.50, 8.13, 0.22, 2026-03-16 00:08:17
456, 27.62, 82.27, 7.56, 0.26, 2026-03-16 00:09:17
457, 30.21, 39.43, 8.32, 0.07, 2026-03-16 00:10:17
458, 30.49, 31.02, 7.67, 0.17, 2026-03-16 00:11:17
459, 25.87, 76.92, 7.78, 0.12, 2026-03-16 00:12:17
460, 26.20, 56.70, 7.82, 0.07, 2026-03-16 00:13:17
461, 26.58, 67.51, 8.17, 0.21, 2026-03-16 00:14:17
462, 29.50, 10.32, 8.45, 0.10, 2026-03-16 00:15:17
463, 27.24, 34.22, 7.87, 0.05, 2026-03-16 00:16:17
464, 26.94, 96.31, 7.76, 0.07, 2026-03-16 00:17:17
465, 29.37, 76.82, 7.77, 0.17, 2026-03-16 00:18:17
466, 29.99, 37.10, 7.52, 0.21, 2026-03-16 00:19:17
467, 29.90, 64.92, 8.22, 0.04, 2026-03-16 00:20:17
468, 27.67, 54.77, 8.09, 0.26, 2026-03-16 00:21:17
469, 28.47, 7.93, 8.05, 0.20, 2026-03-16 00:22:17
470, 27.45, 59.40, 7.52, 0.23, 2026-03-16 00:23:17
471, 25.00, 56.96, 7.78, 0.22, 2026-03-16 00:24:17
472, 30.56, 84.35, 7.80, 0.22, 2026-03-16 00:25:17
473, 28.77, 43.53, 7.89, 0.03, 2026-03-16 00:26:17
474, 25.68, 68.48, 8.19, 0.05, 2026-03-16 00:27:17
475, 29.70, 75.16, 8.26, 0.27, 2026-03-16 00:28:17
476, 28.99, 30.17, 7.77, 0.03, 2026-03-16 00:29:17
477, 30.13, 97.86, 7.71, 0.15, 2026-03-16 00:30:17
478, 30.61, 63.23, 7.98, 0.10, 2026-03-16 00:31:17
479, 31.99, 40.50, 7.72, 0.28, 2026-03-16 00:32:17
480, 29.41, 59.69, 8.43, 0.04, 2026-03-16 00:33:17
481, 28.21, 66.02, 8.16, 0.01, 2026-03-16 00:34:17
482, 30.20, 14.50, 7.70, 0.20, 2026-03-16 00:35:17
483, 26.64, 74.55, 8.25, 0.30, 2026-03-16 00:36:17
484, 31.25, 57.03, 8.37, 0.27, 2026-03-16 00:37:17
485, 29.31, 73.39, 7.65, 0.22, 2026-03-16 00:38:17
486, 30.29, 19.51, 8.11, 0.12, 2026-03-16 00:39:17
487, 30.02, 83.85, 7.56, 0.27, 2026-03-16 00:40:17
488, 27.76, 62.34, 7.95, 0.15, 2026-03-16 00:41:17
489, 30.33, 59.98, 8.08, 0.10, 2026-03-16 00:42:17
490, 27.52, 76.23, 7.60, 0.02, 2026-03-16 00:43:17
491, 31.98, 9.22, 7.61, 0.12, 2026-03-16 00:44:17
492, 27.90, 46.22, 7.95, 0.08, 2026-03-16 00:45:17
493, 26.57, 29.83, 8.39, 0.19, 2026-03-16 00:46:17
494, 31.15, 47.69, 7.73, 0.12, 2026-03-16 00:47:17
495, 31.75, 75.24, 8.22, 0.10, 2026-03-16 00:48:17
496, 29.22, 64.04, 8.18, 0.27, 2026-03-16 00:49:17
497, 26.65, 15.34, 8.22, 0.16, 2026-03-16 00:50:17
498, 28.98, 6.44, 7.96, 0.15, 2026-03-16 00:51:17
499, 31.80, 89.52, 7.75, 0.21, 2026-03-16 00:52:17
500, 25.72, 30.33, 8.11, 0.14, 2026-03-16 00:53:17
501, 25.34, 41.69, 8.50, 0.03, 2026-03-16 00:54:17
502, 30.18, 8.88, 8.18, 0.00, 2026-03-16 00:55:17
503, 31.69, 72.13, 7.64, 0.23, 2026-03-16 00:56:17
504, 29.75, 63.21, 8.48, 0.20, 2026-03-16 00:57:17
505, 25.50, 91.20, 8.13, 0.26, 2026-03-16 00:58:17
506, 31.22, 59.64, 8.40, 0.05, 2026-03-16 00:59:17
507, 29.02, 29.98, 8.13, 0.05, 2026-03-16 01:00:17
508, 30.84, 68.68, 7.95, 0.26, 2026-03-16 01:01:17
509, 31.88, 67.71, 7.56, 0.21, 2026-03-16 01:02:17
510, 30.71, 75.96, 8.34, 0.29, 2026-03-16 01:03:17
511, 27.20, 16.18, 7.79, 0.06, 2026-03-16 01:04:17
512, 31.63, 85.04, 7.72, 0.07, 2026-03-16 01:05:17
513, 31.06, 45.93, 8.43, 0.06, 2026-03-16 01:06:17
514, 30.27, 42.05, 8.06, 0.11, 2026-03-16 01:07:17
515, 29.42, 94.40, 8.24, 0.22, 2026-03-16 01:08:17
516, 27.72, 57.27, 8.13, 0.29, 2026-03-16 01:09:17
517, 27.29, 45.85, 8.20, 0.19, 2026-03-16 01:10:17
518, 28.43, 68.50, 7.60, 0.08, 2026-03-16 01:11:17
519, 25.46, 18.28, 7.68, 0.14, 2026-03-16 01:12:17
520, 29.53, 86.39, 8.32, 0.08, 2026-03-16 01:13:17
521, 29.37, 92.10, 7.75, 0.03, 2026-03-16 01:14:17
522, 28.48, 71.61, 7.61, 0.21, 2026-03-16 01:15:17
523, 27.60, 50.77, 7.60, 0.29, 2026-03-16 01:16:17
524, 28.18, 13.85, 7.83, 0.16, 2026-03-16 01:17:17
525, 30.53, 83.29, 8.06, 0.22, 2026-03-16 01:18:17
526, 25.36, 22.80, 7.93, 0.30, 2026-03-16 01:19:17
527, 29.50, 73.54, 8.34, 0.27, 2026-03-16 01:20:17
528, 31.41, 50.88, 8.23, 0.14, 2026-03-16 01:21:17
529, 30.30, 41.48, 7.77, 0.22, 2026-03-16 01:22:17
530, 27.54, 7.97, 8.26, 0.25, 2026-03-16 01:23:17
531, 28.04, 26.31, 7.77, 0.02, 2026-03-16 01:24:17
532, 29.38, 77.89, 7.75, 0.10, 2026-03-16 01:25:17
533, 28.39, 76.43, 7.85, 0.17, 2026-03-16 01:26:17
534, 29.87, 96.88, 7.77, 0.12, 2026-03-16 01:27:17
535, 31.22, 61.27, 7.85, 0.18, 2026-03-16 01:28:17
536, 30.61, 83.83, 7.92, 0.24, 2026-03-16 01:29:17
537, 25.57, 65.08, 8.19, 0.29, 2026-03-16 01:30:17
538, 28.49, 22.51, 7.74, 0.17, 2026-03-16 01:31:17
539, 31.03, 32.45, 8.32, 0.30, 2026-03-16 01:32:17
540, 27.82, 35.56, 8.16, 0.12, 2026-03-16 01:33:17
541, 31.52, 90.87, 8.26, 0.08, 2026-03-16 01:34:17
542, 28.68, 95.47, 8.14, 0.28, 2026-03-16 01:35:17
543, 25.34, 30.04, 8.29, 0.09, 2026-03-16 01:36:17
544, 26.81, 32.27, 8.41, 0.11, 2026-03-16 01:37:17
545, 30.73, 28.12, 7.73, 0.10, 2026-03-16 01:38:17
546, 31.73, 28.32, 8.32, 0.28, 2026-03-16 01:39:17
547, 25.72, 59.84, 7.88, 0.07, 2026-03-16 01:40:17
548, 26.34, 79.77, 7.81, 0.27, 2026-03-16 01:41:17
549, 25.38, 76.44, 8.06, 0.22, 2026-03-16 01:42:17
550, 28.84, 40.02, 7.57, 0.03, 2026-03-16 01:43:17
551, 30.41, 7.59, 7.81, 0.10, 2026-03-16 01:44:17
552, 26.01, 54.96, 8.24, 0.10, 2026-03-16 01:45:17
553, 29.19, 60.06, 8.16, 0.28, 2026-03-16 01:46:17
554, 29.97, 60.22, 7.79, 0.02, 2026-03-16 01:47:17
555, 25.10, 78.36, 8.08, 0.30, 2026-03-16 01:48:17
556, 27.14, 50.14, 8.02, 0.04, 2026-03-16 01:49:17
557, 26.31, 57.21, 8.01, 0.11, 2026-03-16 01:50:17
558, 29.74, 73.71, 8.12, 0.21, 2026-03-16 01:51:17
559, 25.86, 95.91, 7.56, 0.22, 2026-03-16 01:52:17
560, 26.60, 52.39, 8.47, 0.04, 2026-03-16 01:53:17
561, 28.20, 79.54, 8.27, 0.18, 2026-03-16 01:54:17
562, 29.29, 84.74, 8.50, 0.09, 2026-03-16 01:55:17
563, 31.00, 37.09, 7.61, 0.05, 2026-03-16 01:56:17
564, 31.74, 97.99, 7.61, 0.18, 2026-03-16 01:57:17
565, 25.48, 36.44, 7.93, 0.12, 2026-03-16 01:58:17
566, 30.14, 81.43, 8.38, 0.18, 2026-03-16 01:59:17
567, 28.95, 91.20, 7.73, 0.06, 2026-03-16 02:00:17
568, 26.25, 46.74, 7.72, 0.10, 2026-03-16 02:01:17
569, 30.84, 79.45, 7.90, 0.26, 2026-03-16 02:02:17
570, 28.10, 95.13, 8.29, 0.01, 2026-03-16 02:03:17
571, 27.10, 54.35, 8.17, 0.07, 2026-03-16 02:04:17
572, 27.03, 21.38, 7.97, 0.26, 2026-03-16 02:05:17
573, 30.90, 91.62, 7.66, 0.18, 2026-03-16 02:06:17
574, 28.12, 69.79, 8.48, 0.25, 2026-03-16 02:07:17
575, 31.76, 53.87, 7.55, 0.03, 2026-03-16 02:08:17
576, 29.04, 86.94, 8.10, 0.18, 2026-03-16 02:09:17
577, 29.06, 31.88, 7.89, 0.24, 2026-03-16 02:10:17
578, 31.17, 16.36, 7.56, 0.29, 2026-03-16 02:11:17
579, 27.93, 37.67, 7.50, 0.11, 2026-03-16 02:12:17
580, 27.22, 25.10, 7.99, 0.23, 2026-03-16 02:13:17
581, 25.43, 89.46, 8.07, 0.12, 2026-03-16 02:14:17
582, 28.12, 72.12, 8.09, 0.17, 2026-03-16 02:15:17
583, 29.24, 23.58, 8.28, 0.11, 2026-03-16 02:16:17
584, 31.34, 58.61, 8.30, 0.24, 2026-03-16 02:17:17
585, 31.64, 78.17, 8.13, 0.06, 2026-03-16 02:18:17
586, 28.60, 85.12, 8.23, 0.25, 2026-03-16 02:19:17
587, 29.83, 63.78, 8.38, 0.12, 2026-03-16 02:20:17
588, 31.88, 55.62, 8.10, 0.08, 2026-03-16 02:21:17
589, 29.77, 65.88, 8.06, 0.29, 2026-03-16 02:22:17
590, 26.90, 53.47, 8.38, 0.06, 2026-03-16 02:23:17
591, 26.19, 19.16, 8.19, 0.22, 2026-03-16 02:24:17
592, 28.90, 64.10, 8.50, 0.30, 2026-03-16 02:25:17
593, 29.19, 53.82, 7.55, 0.16, 2026-03-16 02:26:17
594, 30.83, 89.80, 7.76, 0.17, 2026-03-16 02:27:17
595, 25.04, 93.66, 7.60, 0.25, 2026-03-16 02:28:17
596, 25.92, 86.18, 8.26, 0.11, 2026-03-16 02:29:17
597, 25.46, 36.02, 7.58, 0.00, 2026-03-16 02:30:17
598, 27.59, 5.59, 8.07, 0.07, 2026-03-16 02:31:17
599, 30.23, 38.70, 7.61, 0.13, 2026-03-16 02:32:17
600, 30.79, 42.50, 8.43, 0.10, 2026-03-16 02:33:17
601, 29.18, 58.62, 8.08, 0.26, 2026-03-16 02:34:17
602, 26.65, 35.55, 8.13, 0.07, 2026-03-16 02:35:17
603, 29.59, 67.49, 8.00, 0.23, 2026-03-16 02:36:17
604, 28.58, 21.68, 7.97, 0.13, 2026-03-16 02:37:17
605, 31.89, 89.27, 7.57, 0.01, 2026-03-16 02:38:17
606, 25.65, 41.99, 8.43, 0.10, 2026-03-16 02:39:17
607, 30.83, 59.48, 7.89, 0.15, 2026-03-16 02:40:17
608, 31.44, 54.59, 8.36, 0.03, 2026-03-16 02:41:17
609, 27.93, 76.52, 7.73, 0.30, 2026-03-16 02:42:17
610, 25.21, 49.21, 7.86, 0.04, 2026-03-16 02:43:17
611, 27.38, 94.68, 8.44, 0.01, 2026-03-16 02:44:17
612, 30.47, 78.78, 8.25, 0.23, 2026-03-16 02:45:17
613, 29.30, 9.18, 8.05, 0.02, 2026-03-16 02:46:17
614, 29.88, 17.86, 8.23, 0.09, 2026-03-16 02:47:17
615, 27.31, 38.03, 8.41, 0.15, 2026-03-16 02:48:17
616, 31.61, 92.87, 8.07, 0.26, 2026-03-16 02:49:17
617, 31.58, 70.72, 8.49, 0.09, 2026-03-16 02:50:17
618, 27.98, 94.33, 7.99, 0.18, 2026-03-16 02:51:17
619, 26.16, 73.84, 7.82, 0.01, 2026-03-16 02:52:17
620, 28.52, 25.86, 7.66, 0.00, 2026-03-16 02:53:17
621, 28.76, 33.58, 8.05, 0.25, 2026-03-16 02:54:17
622, 27.45, 5.12, 7.79, 0.03, 2026-03-16 02:55:17
623, 28.84, 5.08, 7.58, 0.23, 2026-03-16 02:56:17
624, 31.42, 81.58, 7.88, 0.06, 2026-03-16 02:57:17
625, 28.14, 78.63, 8.42, 0.26, 2026-03-16 02:58:17
626, 28.77, 66.20, 8.11, 0.07, 2026-03-16 02:59:17
627, 29.50, 72.81, 8.07, 0.29, 2026-03-16 03:00:17
628, 26.02, 38.00, 8.28, 0.26, 2026-03-16 03:01:17
629, 30.19, 94.48, 7.61, 0.24, 2026-03-16 03:02:17
630, 25.83, 7.41, 7.94, 0.28, 2026-03-16 03:03:17
631, 26.42, 65.56, 7.83, 0.06, 2026-03-16 03:04:17
632, 30.32, 66.65, 7.65, 0.29, 2026-03-16 03:05:17
633, 29.44, 21.88, 7.58, 0.13, 2026-03-16 03:06:17
634, 27.76, 76.82, 8.33, 0.23, 2026-03-16 03:07:17
635, 29.84, 43.66, 8.14, 0.15, 2026-03-16 03:08:17
636, 25.58, 31.99, 7.73, 0.05, 2026-03-16 03:09:17
637, 29.35, 8.11, 7.83, 0.29, 2026-03-16 03:10:17
638, 31.87, 55.10, 8.07, 0.02, 2026-03-16 03:11:17
639, 27.90, 18.66, 7.65, 0.12, 2026-03-16 03:12:17
640, 27.12, 25.76, 7.77, 0.02, 2026-03-16 03:13:17
641, 29.17, 86.32, 8.08, 0.10, 2026-03-16 03:14:17
642, 31.46, 74.92, 8.29, 0.01, 2026-03-16 03:15:17
643, 29.45, 12.67, 8.02, 0.03, 2026-03-16 03:16:17
644, 29.20, 46.38, 8.17, 0.01, 2026-03-16 03:17:17
645, 31.85, 44.93, 7.84, 0.02, 2026-03-16 03:18:17
646, 30.75, 15.27, 8.09, 0.27, 2026-03-16 03:19:17
647, 29.97, 22.76, 7.54, 0.18, 2026-03-16 03:20:17
648, 26.94, 58.29, 8.13, 0.18, 2026-03-16 03:21:17
649, 30.87, 57.01, 8.07, 0.19, 2026-03-16 03:22:17
650, 31.71, 35.91, 8.16, 0.02, 2026-03-16 03:23:17
651, 26.44, 80.33, 7.74, 0.25, 2026-03-16 03:24:17
652, 31.17, 51.39, 8.27, 0.17, 2026-03-16 03:25:17
653, 25.15, 74.63, 7.79, 0.14, 2026-03-16 03:26:17
654, 27.99, 66.71, 8.42, 0.03, 2026-03-16 03:27:17
655, 25.18, 25.46, 8.04, 0.23, 2026-03-16 03:28:17
656, 27.28, 5.35, 8.20, 0.27, 2026-03-16 03:29:17
657, 26.90, 78.25, 7.71, 0.01, 2026-03-16 03:30:17
658, 26.72, 56.98, 7.64, 0.01, 2026-03-16 03:31:17
659, 28.76, 41.35, 8.35, 0.14, 2026-03-16 03:32:17
660, 25.15, 44.00, 8.24, 0.05, 2026-03-16 03:33:17
661, 27.53, 41.09, 7.86, 0.05, 2026-03-16 03:34:17
662, 28.47, 34.93, 8.05, 0.11, 2026-03-16 03:35:17
663, 29.89, 48.60, 7.71, 0.11, 2026-03-16 03:36:17
664, 31.97, 19.74, 7.95, 0.11, 2026-03-16 03:37:17
665, 26.48, 83.53, 8.20, 0.27, 2026-03-16 03:38:17
666, 28.03, 71.99, 7.98, 0.09, 2026-03-16 03:39:17
667, 26.23, 49.67, 7.92, 0.10, 2026-03-16 03:40:17
668, 25.15, 47.88, 7.83, 0.09, 2026-03-16 03:41:17
669, 25.13, 57.43, 8.27, 0.25, 2026-03-16 03:42:17
670, 29.39, 57.18, 8.48, 0.20, 2026-03-16 03:43:17
671, 28.34, 93.21, 8.15, 0.21, 2026-03-16 03:44:17
672, 30.18, 91.02, 7.89, 0.17, 2026-03-16 03:45:17
673, 27.67, 80.58, 7.78, 0.06, 2026-03-16 03:46:17
674, 25.52, 41.53, 7.94, 0.10, 2026-03-16 03:47:17
675, 25.49, 48.44, 7.58, 0.15, 2026-03-16 03:48:17
676, 30.51, 18.43, 8.32, 0.20, 2026-03-16 03:49:17
677, 27.95, 25.99, 8.26, 0.26, 2026-03-16 03:50:17
678, 27.31, 12.40, 7.73, 0.02, 2026-03-16 03:51:17
679, 28.59, 44.55, 8.00, 0.17, 2026-03-16 03:52:17
680, 31.43, 45.43, 8.06, 0.06, 2026-03-16 03:53:17
681, 31.37, 56.34, 7.70, 0.18, 2026-03-16 03:54:17
682, 29.42, 47.92, 7.81, 0.24, 2026-03-16 03:55:17
683, 29.03, 55.04, 8.46, 0.20, 2026-03-16 03:56:17
684, 25.93, 32.77, 7.50, 0.01, 2026-03-16 03:57:17
685, 27.79, 18.31, 8.12, 0.05, 2026-03-16 03:58:17
686, 25.14, 91.28, 8.37, 0.23, 2026-03-16 03:59:17
687, 27.55, 52.12, 7.91, 0.17, 2026-03-16 04:00:17
688, 30.58, 20.97, 8.04, 0.07, 2026-03-16 04:01:17
689, 27.34, 71.98, 8.26, 0.13, 2026-03-16 04:02:17
690, 28.30, 10.19, 8.43, 0.16, 2026-03-16 04:03:17
691, 28.17, 66.06, 7.76, 0.06, 2026-03-16 04:04:17
692, 30.43, 99.74, 7.73, 0.12, 2026-03-16 04:05:17
693, 26.34, 85.17, 8.16, 0.14, 2026-03-16 04:06:17
694, 25.11, 36.20, 8.49, 0.05, 2026-03-16 04:07:17
695, 31.99, 54.60, 7.57, 0.26, 2026-03-16 04:08:17
696, 28.84, 87.32, 7.91, 0.21, 2026-03-16 04:09:17
697, 29.16, 72.86, 7.79, 0.21, 2026-03-16 04:10:17
698, 31.08, 64.10, 8.15, 0.13, 2026-03-16 04:11:17
699, 31.11, 57.30, 7.67, 0.04, 2026-03-16 04:12:17
700, 27.39, 64.88, 7.85, 0.27, 2026-03-16 04:13:17
701, 28.10, 66.55, 7.71, 0.00, 2026-03-16 04:14:17
702, 28.82, 91.27, 7.73, 0.24, 2026-03-16 04:15:17
703, 30.50, 64.92, 7.72, 0.08, 2026-03-16 04:16:17
704, 26.74, 55.89, 8.33, 0.23, 2026-03-16 04:17:17
705, 25.27, 78.60, 7.64, 0.29, 2026-03-16 04:18:17
706, 25.01, 87.10, 7.88, 0.20, 2026-03-16 04:19:17
707, 27.86, 78.79, 8.43, 0.03, 2026-03-16 04:20:17
708, 27.53, 85.48, 8.28, 0.25, 2026-03-16 04:21:17
709, 26.44, 66.66, 8.14, 0.24, 2026-03-16 04:22:17
710, 30.19, 52.32, 8.23, 0.12, 2026-03-16 04:23:17
711, 28.52, 75.21, 8.11, 0.09, 2026-03-16 04:24:17
712, 31.20, 49.83, 8.44, 0.24, 2026-03-16 04:25:17
713, 27.95, 88.01, 8.20, 0.17, 2026-03-16 04:26:17
714, 31.70, 78.39, 8.02, 0.15, 2026-03-16 04:27:17
715, 25.28, 64.78, 8.32, 0.13, 2026-03-16 04:28:17
716, 26.91, 60.53, 7.95, 0.17, 2026-03-16 04:29:17
717, 31.55, 73.93, 7.87, 0.12, 2026-03-16 04:30:17
718, 29.51, 26.89, 7.69, 0.23, 2026-03-16 04:31:17
719, 27.34, 56.83, 7.51, 0.03, 2026-03-16 04:32:17
720, 27.43, 28.98, 7.96, 0.10, 2026-03-16 04:33:17
721, 31.32, 79.11, 7.90, 0.13, 2026-03-16 04:34:17
722, 30.10, 63.88, 7.54, 0.11, 2026-03-16 04:35:17
723, 26.09, 23.74, 7.63, 0.04, 2026-03-16 04:36:17
724, 27.96, 10.74, 8.31, 0.23, 2026-03-16 04:37:17
725, 28.48, 56.00, 8.33, 0.04, 2026-03-16 04:38:17
726, 26.38, 54.26, 8.33, 0.29, 2026-03-16 04:39:17
727, 31.09, 55.36, 7.76, 0.16, 2026-03-16 04:40:17
728, 28.03, 74.92, 8.11, 0.02, 2026-03-16 04:41:17
729, 25.34, 9.18, 8.17, 0.05, 2026-03-16 04:42:17
730, 26.50, 96.19, 7.93, 0.26, 2026-03-16 04:43:17
731, 28.84, 38.35, 7.71, 0.24, 2026-03-16 04:44:17
732, 25.40, 78.55, 8.37, 0.05, 2026-03-16 04:45:17
733, 26.12, 54.74, 7.98, 0.26, 2026-03-16 04:46:17
734, 26.78, 10.41, 7.90, 0.03, 2026-03-16 04:47:17
735, 25.74, 95.59, 7.69, 0.30, 2026-03-16 04:48:17
736, 30.91, 10.93, 7.64, 0.24, 2026-03-16 04:49:17
737, 30.83, 99.68, 7.50, 0.01, 2026-03-16 04:50:17
738, 26.53, 64.67, 8.19, 0.21, 2026-03-16 04:51:17
739, 27.92, 75.51, 7.91, 0.24, 2026-03-16 04:52:17
740, 27.35, 53.09, 7.64, 0.20, 2026-03-16 04:53:17
741, 29.19, 91.24, 8.31, 0.08, 2026-03-16 04:54:17
742, 29.00, 83.05, 7.68, 0.17, 2026-03-16 04:55:17
743, 28.12, 86.52, 8.19, 0.20, 2026-03-16 04:56:17
744, 26.35, 67.03, 7.85, 0.15, 2026-03-16 04:57:17
745, 29.45, 76.30, 8.41, 0.28, 2026-03-16 04:58:17
746, 28.17, 75.37, 7.88, 0.24, 2026-03-16 04:59:17
747, 27.58, 81.35, 7.63, 0.00, 2026-03-16 05:00:17
748, 27.24, 35.23, 8.18, 0.10, 2026-03-16 05:01:17
749, 31.29, 70.78, 7.87, 0.15, 2026-03-16 05:02:17
750, 30.70, 11.58, 8.48, 0.23, 2026-03-16 05:03:17
751, 29.88, 11.40, 8.18, 0.08, 2026-03-16 05:04:17
752, 31.94, 24.94, 7.56, 0.11, 2026-03-16 05:05:17
753, 26.68, 23.96, 8.44, 0.13, 2026-03-16 05:06:17
754, 28.75, 71.09, 8.07, 0.07, 2026-03-16 05:07:17
755, 27.89, 76.20, 8.30, 0.02, 2026-03-16 05:08:17
756, 31.85, 57.58, 7.58, 0.11, 2026-03-16 05:09:17
757, 28.81, 67.89, 8.20, 0.15, 2026-03-16 05:10:17
758, 28.88, 37.16, 7.66, 0.12, 2026-03-16 05:11:17
759, 25.54, 22.68, 7.58, 0.09, 2026-03-16 05:12:17
760, 29.66, 73.11, 8.12, 0.19, 2026-03-16 05:13:17
761, 30.88, 6.78, 8.16, 0.23, 2026-03-16 05:14:17
762, 31.92, 21.32, 8.38, 0.05, 2026-03-16 05:15:17
763, 31.78, 59.62, 8.37, 0.07, 2026-03-16 05:16:17
764, 26.31, 84.42, 7.96, 0.06, 2026-03-16 05:17:17
765, 28.04, 41.32, 7.90, 0.25, 2026-03-16 05:18:17
766, 26.86, 47.66, 8.08, 0.06, 2026-03-16 05:19:17
767, 26.43, 62.01, 8.38, 0.24, 2026-03-16 05:20:17
768, 28.79, 46.69, 8.41, 0.25, 2026-03-16 05:21:17
769, 25.22, 68.11, 8.19, 0.24, 2026-03-16 05:22:17
770, 26.70, 17.28, 7.95, 0.01, 2026-03-16 05:23:17
771, 31.03, 10.40, 8.34, 0.14, 2026-03-16 05:24:17
772, 30.09, 11.78, 7.96, 0.09, 2026-03-16 05:25:17
773, 31.07, 24.01, 7.60, 0.20, 2026-03-16 05:26:17
774, 27.34, 52.63, 8.15, 0.05, 2026-03-16 05:27:17
775, 25.76, 50.30, 7.59, 0.16, 2026-03-16 05:28:17
776, 30.99, 92.59, 7.86, 0.15, 2026-03-16 05:29:17
777, 30.74, 40.52, 8.15, 0.03, 2026-03-16 05:30:17
778, 29.44, 81.91, 8.45, 0.10, 2026-03-16 05:31:17
779, 27.25, 76.53, 7.73, 0.08, 2026-03-16 05:32:17
780, 27.00, 47.42, 7.77, 0.12, 2026-03-16 05:33:17
781, 28.85, 28.15, 7.93, 0.26, 2026-03-16 05:34:17
782, 25.33, 88.40, 7.81, 0.12, 2026-03-16 05:35:17
783, 26.55, 77.63, 8.23, 0.28, 2026-03-16 05:36:17
784, 30.23, 99.39, 8.40, 0.13, 2026-03-16 05:37:17
785, 29.31, 20.80, 7.72, 0.25, 2026-03-16 05:38:17
786, 27.84, 74.87, 8.08, 0.21, 2026-03-16 05:39:17
787, 31.91, 5.22, 8.08, 0.28, 2026-03-16 05:40:17
788, 28.21, 45.78, 8.10, 0.11, 2026-03-16 05:41:17
789, 29.19, 45.13, 7.60, 0.00, 2026-03-16 05:42:17
790, 29.21, 27.96, 7.54, 0.03, 2026-03-16 05:43:17
791, 27.70, 23.35, 8.38, 0.01, 2026-03-16 05:44:17
792, 26.84, 77.42, 7.52, 0.17, 2026-03-16 05:45:17
793, 26.64, 84.95, 7.60, 0.25, 2026-03-16 05:46:17
794, 29.94, 72.53, 7.59, 0.02, 2026-03-16 05:47:17
795, 31.29, 92.91, 7.99, 0.10, 2026-03-16 05:48:17
796, 30.21, 78.05, 8.20, 0.04, 2026-03-16 05:49:17
797, 28.72, 45.57, 8.32, 0.07, 2026-03-16 05:50:17
798, 25.68, 56.06, 8.33, 0.23, 2026-03-16 05:51:17
799, 30.92, 30.99, 8.13, 0.17, 2026-03-16 05:52:17
800, 27.50, 63.72, 8.22, 0.29, 2026-03-16 05:53:17
801, 31.30, 98.20, 7.53, 0.20, 2026-03-16 05:54:17
802, 29.12, 82.99, 8.23, 0.10, 2026-03-16 05:55:17
803, 28.55, 45.26, 8.06, 0.00, 2026-03-16 05:56:17
804, 28.85, 52.13, 7.83, 0.27, 2026-03-16 05:57:17
805, 26.92, 74.30, 7.82, 0.11, 2026-03-16 05:58:17
806, 28.82, 99.14, 7.72, 0.27, 2026-03-16 05:59:17
807, 26.78, 33.32, 7.62, 0.26, 2026-03-16 06:00:17
808, 31.23, 27.04, 8.05, 0.26, 2026-03-16 06:01:17
809, 26.68, 94.98, 8.25, 0.13, 2026-03-16 06:02:17
810, 25.11, 46.06, 7.81, 0.21, 2026-03-16 06:03:17
811, 29.68, 22.12, 7.94, 0.05, 2026-03-16 06:04:17
812, 26.32, 92.64, 8.31, 0.30, 2026-03-16 06:05:17
813, 26.12, 60.36, 7.90, 0.28, 2026-03-16 06:06:17
814, 31.00, 15.39, 7.76, 0.08, 2026-03-16 06:07:17
815, 29.70, 37.32, 8.01, 0.30, 2026-03-16 06:08:17
816, 29.39, 57.87, 8.07, 0.21, 2026-03-16 06:09:17
817, 27.05, 88.95, 7.57, 0.30, 2026-03-16 06:10:17
818, 30.99, 23.27, 7.66, 0.14, 2026-03-16 06:11:17
819, 29.52, 67.61, 8.31, 0.19, 2026-03-16 06:12:17
820, 31.15, 65.90, 8.47, 0.26, 2026-03-16 06:13:17
821, 31.48, 7.02, 8.36, 0.01, 2026-03-16 06:14:17
822, 30.99, 69.69, 8.06, 0.23, 2026-03-16 06:15:17
823, 28.93, 29.18, 8.48, 0.19, 2026-03-16 06:16:17
824, 26.68, 83.40, 7.89, 0.29, 2026-03-16 06:17:17
825, 28.48, 73.00, 8.32, 0.24, 2026-03-16 06:18:17
826, 31.17, 7.87, 7.63, 0.04, 2026-03-16 06:19:17
827, 25.73, 15.01, 7.88, 0.29, 2026-03-16 06:20:17
828, 30.22, 54.99, 7.67, 0.04, 2026-03-16 06:21:17
829, 30.03, 86.80, 8.05, 0.15, 2026-03-16 06:22:17
830, 26.86, 78.65, 7.74, 0.12, 2026-03-16 06:23:17
831, 30.57, 69.33, 8.27, 0.04, 2026-03-16 06:24:17
832, 27.15, 57.55, 7.65, 0.11, 2026-03-16 06:25:17
833, 29.91, 19.23, 8.35, 0.30, 2026-03-16 06:26:17
834, 30.40, 19.84, 8.12, 0.07, 2026-03-16 06:27:17
835, 25.84, 56.88, 8.39, 0.10, 2026-03-16 06:28:17
836, 30.75, 74.66, 7.83, 0.18, 2026-03-16 06:29:17
837, 25.61, 71.37, 7.83, 0.24, 2026-03-16 06:30:17
838, 30.05, 75.61, 8.46, 0.11, 2026-03-16 06:31:17
839, 29.56, 7.39, 7.62, 0.15, 2026-03-16 06:32:17
840, 27.19, 55.94, 8.00, 0.25, 2026-03-16 06:33:17
841, 26.13, 68.95, 7.54, 0.11, 2026-03-16 06:34:17
842, 25.80, 10.85, 8.05, 0.18, 2026-03-16 06:35:17
843, 26.22, 79.93, 7.60, 0.16, 2026-03-16 06:36:17
844, 25.30, 71.43, 8.36, 0.06, 2026-03-16 06:37:17
845, 31.93, 91.68, 7.60, 0.01, 2026-03-16 06:38:17
846, 30.33, 25.60, 8.41, 0.02, 2026-03-16 06:39:17
847, 30.69, 52.25, 7.83, 0.10, 2026-03-16 06:40:17
848, 29.54, 85.94, 8.15, 0.09, 2026-03-16 06:41:17
849, 28.76, 57.69, 7.82, 0.10, 2026-03-16 06:42:17
850, 27.81, 54.33, 7.88, 0.05, 2026-03-16 06:43:17
851, 26.07, 45.16, 8.32, 0.01, 2026-03-16 06:44:17
852, 26.79, 18.48, 8.24, 0.01, 2026-03-16 06:45:17
853, 30.54, 67.86, 8.31, 0.29, 2026-03-16 06:46:17
854, 30.82, 15.40, 8.30, 0.29, 2026-03-16 06:47:17
855, 27.59, 11.95, 8.21, 0.00, 2026-03-16 06:48:17
856, 29.28, 86.61, 7.82, 0.29, 2026-03-16 06:49:17
857, 31.25, 85.22, 8.14, 0.01, 2026-03-16 06:50:17
858, 25.22, 60.39, 7.59, 0.00, 2026-03-16 06:51:17
859, 27.46, 82.73, 8.38, 0.01, 2026-03-16 06:52:17
860, 26.45, 10.77, 7.95, 0.10, 2026-03-16 06:53:17
861, 26.81, 89.29, 7.92, 0.01, 2026-03-16 06:54:17
862, 26.99, 63.49, 8.39, 0.22, 2026-03-16 06:55:17
863, 30.74, 53.80, 8.11, 0.14, 2026-03-16 06:56:17
864, 27.83, 23.74, 8.27, 0.06, 2026-03-16 06:57:17
865, 29.93, 40.50, 8.47, 0.06, 2026-03-16 06:58:17
866, 27.16, 60.87, 7.70, 0.11, 2026-03-16 06:59:17
867, 28.26, 17.05, 7.65, 0.09, 2026-03-16 07:00:17
868, 28.90, 74.94, 7.53, 0.16, 2026-03-16 07:01:17
869, 29.00, 34.54, 8.43, 0.10, 2026-03-16 07:02:17
870, 27.64, 25.07, 8.46, 0.07, 2026-03-16 07:03:17
871, 25.45, 39.32, 7.91, 0.10, 2026-03-16 07:04:17
872, 25.96, 79.84, 8.29, 0.13, 2026-03-16 07:05:17
873, 30.95, 76.74, 7.84, 0.07, 2026-03-16 07:06:17
874, 28.11, 19.35, 8.25, 0.20, 2026-03-16 07:07:17
875, 29.23, 31.75, 8.03, 0.08, 2026-03-16 07:08:17
876, 31.06, 74.34, 7.52, 0.06, 2026-03-16 07:09:17
877, 27.16, 46.42, 7.86, 0.18, 2026-03-16 07:10:17
878, 26.92, 67.08, 7.83, 0.11, 2026-03-16 07:11:17
879, 27.88, 94.22, 8.02, 0.26, 2026-03-16 07:12:17
880, 30.79, 84.14, 8.21, 0.11, 2026-03-16 07:13:17
881, 29.30, 41.32, 8.29, 0.07, 2026-03-16 07:14:17
882, 28.90, 21.10, 7.83, 0.13, 2026-03-16 07:15:17
883, 26.94, 99.67, 8.43, 0.02, 2026-03-16 07:16:17
884, 29.22, 89.08, 8.01, 0.00, 2026-03-16 07:17:17
885, 28.22, 56.94, 8.27, 0.06, 2026-03-16 07:18:17
886, 25.32, 98.14, 8.33, 0.11, 2026-03-16 07:19:17
887, 29.05, 38.47, 7.89, 0.01, 2026-03-16 07:20:17
888, 27.76, 82.58, 7.87, 0.23, 2026-03-16 07:21:17
889, 29.83, 45.90, 7.89, 0.27, 2026-03-16 07:22:17
890, 29.70, 83.13, 7.54, 0.11, 2026-03-16 07:23:17
891, 27.83, 77.85, 7.82, 0.13, 2026-03-16 07:24:17
892, 26.01, 35.96, 7.62, 0.27, 2026-03-16 07:25:17
893, 27.94, 72.35, 7.77, 0.07, 2026-03-16 07:26:17
894, 29.69, 53.62, 8.35, 0.13, 2026-03-16 07:27:17
895, 29.79, 51.23, 7.99, 0.12, 2026-03-16 07:28:17
896, 29.67, 52.83, 7.66, 0.17, 2026-03-16 07:29:17
897, 26.21, 86.32, 7.74, 0.19, 2026-03-16 07:30:17
898, 30.00, 59.14, 8.03, 0.12, 2026-03-16 07:31:17
899, 27.16, 87.59, 8.19, 0.24, 2026-03-16 07:32:17
900, 30.39, 48.49, 7.51, 0.25, 2026-03-16 07:33:17
901, 31.94, 78.10, 8.46, 0.11, 2026-03-16 07:34:17
902, 25.20, 85.60, 7.80, 0.03, 2026-03-16 07:35:17
903, 26.81, 5.88, 7.82, 0.08, 2026-03-16 07:36:17
904, 27.67, 94.27, 8.50, 0.27, 2026-03-16 07:37:17
905, 28.99, 42.64, 7.99, 0.14, 2026-03-16 07:38:17
906, 28.66, 19.59, 8.47, 0.15, 2026-03-16 07:39:17
907, 30.06, 39.38, 7.55, 0.08, 2026-03-16 07:40:17
908, 29.69, 96.93, 8.35, 0.02, 2026-03-16 07:41:17
909, 27.66, 38.87, 8.50, 0.30, 2026-03-16 07:42:17
910, 31.38, 87.87, 8.10, 0.27, 2026-03-16 07:43:17
911, 26.63, 40.04, 7.92, 0.14, 2026-03-16 07:44:17
912, 26.24, 48.01, 7.82, 0.02, 2026-03-16 07:45:17
913, 30.53, 59.15, 7.81, 0.03, 2026-03-16 07:46:17
914, 30.89, 61.63, 7.57, 0.26, 2026-03-16 07:47:17
915, 30.47, 12.93, 7.97, 0.17, 2026-03-16 07:48:17
916, 31.56, 83.23, 8.35, 0.28, 2026-03-16 07:49:17
917, 26.39, 88.56, 8.08, 0.04, 2026-03-16 07:50:17
918, 25.10, 75.95, 8.24, 0.18, 2026-03-16 07:51:17
919, 31.65, 80.53, 7.86, 0.18, 2026-03-16 07:52:17
920, 29.22, 66.86, 7.62, 0.13, 2026-03-16 07:53:17
921, 26.05, 69.35, 8.39, 0.25, 2026-03-16 07:54:17
922, 27.21, 24.13, 7.56, 0.26, 2026-03-16 07:55:17
923, 25.21, 67.18, 7.52, 0.01, 2026-03-16 07:56:17
924, 29.00, 31.08, 8.26, 0.27, 2026-03-16 07:57:17
925, 28.28, 55.28, 8.41, 0.13, 2026-03-16 07:58:17
926, 31.57, 92.09, 7.71, 0.05, 2026-03-16 07:59:17
927, 26.08, 33.39, 8.24, 0.26, 2026-03-16 08:00:17
928, 25.77, 45.37, 8.40, 0.18, 2026-03-16 08:01:17
929, 27.61, 80.98, 7.97, 0.22, 2026-03-16 08:02:17
930, 28.52, 57.69, 8.20, 0.28, 2026-03-16 08:03:17
931, 27.92, 50.28, 8.32, 0.23, 2026-03-16 08:04:17
932, 28.36, 85.88, 8.35, 0.20, 2026-03-16 08:05:17
933, 29.30, 31.35, 7.74, 0.08, 2026-03-16 08:06:17
934, 26.34, 15.21, 7.54, 0.19, 2026-03-16 08:07:17
935, 31.99, 68.89, 7.68, 0.05, 2026-03-16 08:08:17
936, 25.42, 94.79, 8.20, 0.10, 2026-03-16 08:09:17
937, 29.12, 80.96, 7.81, 0.13, 2026-03-16 08:10:17
938, 31.05, 54.63, 7.81, 0.24, 2026-03-16 08:11:17
939, 27.08, 74.61, 7.51, 0.13, 2026-03-16 08:12:17
940, 28.32, 39.73, 8.43, 0.01, 2026-03-16 08:13:17
941, 28.29, 88.34, 8.35, 0.19, 2026-03-16 08:14:17
942, 26.33, 36.02, 8.30, 0.07, 2026-03-16 08:15:17
943, 25.30, 51.50, 7.85, 0.00, 2026-03-16 08:16:17
944, 30.02, 68.11, 7.58, 0.15, 2026-03-16 08:17:17
945, 27.32, 35.46, 8.21, 0.08, 2026-03-16 08:18:17
946, 30.36, 28.97, 8.19, 0.05, 2026-03-16 08:19:17
947, 28.03, 41.75, 8.27, 0.13, 2026-03-16 08:20:17
948, 26.92, 91.49, 7.84, 0.28, 2026-03-16 08:21:17
949, 26.90, 87.02, 7.55, 0.04, 2026-03-16 08:22:17
950, 26.76, 86.89, 8.09, 0.10, 2026-03-16 08:23:17
951, 26.76, 14.93, 8.44, 0.17, 2026-03-16 08:24:17
952, 26.78, 35.01, 7.66, 0.04, 2026-03-16 08:25:17
953, 28.80, 79.86, 8.49, 0.06, 2026-03-16 08:26:17
954, 28.38, 21.46, 7.72, 0.03, 2026-03-16 08:27:17
955, 31.96, 22.51, 7.81, 0.22, 2026-03-16 08:28:17
956, 28.54, 86.70, 8.44, 0.17, 2026-03-16 08:29:17
957, 29.67, 57.36, 7.68, 0.02, 2026-03-16 08:30:17
958, 29.23, 31.93, 7.53, 0.16, 2026-03-16 08:31:17
959, 31.97, 67.10, 8.18, 0.22, 2026-03-16 08:32:17
960, 30.24, 91.91, 8.07, 0.14, 2026-03-16 08:33:17
961, 29.00, 43.77, 8.00, 0.26, 2026-03-16 08:34:17
962, 26.35, 99.58, 8.29, 0.20, 2026-03-16 08:35:17
963, 28.87, 66.92, 8.37, 0.01, 2026-03-16 08:36:17
964, 29.89, 87.64, 7.63, 0.04, 2026-03-16 08:37:17
965, 29.94, 8.59, 8.11, 0.14, 2026-03-16 08:38:17
966, 27.67, 46.98, 7.78, 0.14, 2026-03-16 08:39:17
967, 25.37, 10.13, 7.82, 0.29, 2026-03-16 08:40:17
968, 26.31, 76.95, 7.97, 0.26, 2026-03-16 08:41:17
969, 26.19, 20.98, 8.14, 0.17, 2026-03-16 08:42:17
970, 31.89, 72.50, 8.33, 0.04, 2026-03-16 08:43:17
971, 25.64, 14.23, 8.22, 0.20, 2026-03-16 08:44:17
972, 27.05, 88.30, 8.35, 0.05, 2026-03-16 08:45:17
973, 30.91, 24.12, 8.25, 0.26, 2026-03-16 08:46:17
974, 29.36, 49.58, 7.52, 0.01, 2026-03-16 08:47:17
975, 29.25, 5.40, 8.14, 0.12, 2026-03-16 08:48:17
976, 28.22, 44.97, 8.06, 0.25, 2026-03-16 08:49:17
977, 28.51, 84.56, 8.32, 0.06, 2026-03-16 08:50:17
978, 30.95, 61.15, 7.77, 0.29, 2026-03-16 08:51:17
979, 31.98, 62.91, 7.66, 0.18, 2026-03-16 08:52:17
980, 29.41, 14.40, 8.05, 0.05, 2026-03-16 08:53:17
981, 31.63, 71.61, 7.53, 0.18, 2026-03-16 08:54:17
982, 26.91, 79.00, 7.98, 0.06, 2026-03-16 08:55:17
983, 26.74, 98.47, 7.97, 0.27, 2026-03-16 08:56:17
984, 27.54, 77.56, 7.56, 0.01, 2026-03-16 08:57:17
985, 25.92, 96.74, 7.99, 0.12, 2026-03-16 08:58:17
986, 29.80, 23.15, 8.12, 0.22, 2026-03-16 08:59:17
987, 25.43, 10.63, 8.02, 0.13, 2026-03-16 09:00:17
988, 31.73, 8.35, 7.73, 0.29, 2026-03-16 09:01:17
989, 26.98, 97.91, 8.41, 0.16, 2026-03-16 09:02:17
990, 26.29, 11.22, 7.90, 0.05, 2026-03-16 09:03:17
991, 31.81, 29.14, 8.15, 0.27, 2026-03-16 09:04:17
992, 29.20, 92.99, 8.24, 0.10, 2026-03-16 09:05:17
993, 25.22, 88.99, 7.65, 0.13, 2026-03-16 09:06:17
994, 27.09, 37.83, 8.38, 0.05, 2026-03-16 09:07:17
995, 28.40, 14.31, 7.67, 0.16, 2026-03-16 09:08:17
996, 28.11, 49.33, 7.92, 0.13, 2026-03-16 09:09:17
997, 28.71, 29.11, 8.40, 0.09, 2026-03-16 09:10:17
998, 25.80, 33.95, 7.58, 0.08, 2026-03-16 09:11:17
999, 26.29, 86.42, 7.56, 0.15, 2026-03-16 09:12:17
1000, 30.47, 36.28, 8.39, 0.20, 2026-03-16 09:13:17
