1, 6.13, 39.87, 6.97, 0.25, 2026-03-16 15:45:30
2, 18.31, 37.08, 3.22, 0.63, 2026-03-16 15:46:30
3, 10.35, 71.58, 5.13, 0.06, 2026-03-16 15:47:30
4, 5.97, 27.23, 9.47, 0.73, 2026-03-16 15:48:30
5, 10.82, 94.02, 0.79, 0.72, 2026-03-16 15:49:30
6, 43.15, 96.51, 4.79, 0.79, 2026-03-16 15:50:30
7, 43.08, 50.63, 9.41, 0.24, 2026-03-16 15:51:30
8, 49.57, 14.43, 4.24, 0.09, 2026-03-16 15:52:30
9, 9.14, 48.41, 4.05, 0.83, 2026-03-16 15:53:30
10, 5.31, 51.01, 13.02, 0.03, 2026-03-16 15:54:30
11, 23.01, 84.94, 5.39, 0.12, 2026-03-16 15:55:30
12, 36.88, 59.96, 5.30, 0.59, 2026-03-16 15:56:30
13, 37.48, 87.75, 5.37, 0.94, 2026-03-16 15:57:30
14, 34.67, 74.40, 2.80, 0.53, 2026-03-16 15:58:30
15, 2.04, 66.34, 4.68, 0.83, 2026-03-16 15:59:30
16, 1.53, 15.08, 1.12, 0.09, 2026-03-16 16:00:30
17, 2.26, 76.61, 9.99, 0.02, 2026-03-16 16:01:30
18, 32.70, 11.02, 9.85, 0.38, 2026-03-16 16:02:30
19, 30.19, 97.81, 4.88, 0.19, 2026-03-16 16:03:30
20, 26.89, 32.80, 10.38, 0.41, 2026-03-16 16:04:30
21, 36.19, 21.99, 6.58, 0.76, 2026-03-16 16:05:30
22, 28.70, 38.19, 13.50, 0.67, 2026-03-16 16:06:30
23, 11.88, 55.95, 12.40, 0.82, 2026-03-16 16:07:30
24, 2.25, 30.41, 6.72, 0.43, 2026-03-16 16:08:30
25, 4.46, 35.73, 3.96, 0.72, 2026-03-16 16:09:30
26, 36.05, 28.76, 1.39, 0.61, 2026-03-16 16:10:30
27, 12.17, 53.50, 9.15, 0.24, 2026-03-16 16:11:30
28, 29.14, 51.93, 11.50, 0.25, 2026-03-16 16:12:30
29, 11.06, 97.07, 11.84, 0.42, 2026-03-16 16:13:30
30, 8.46, 13.59, 6.27, 0.68, 2026-03-16 16:14:30
31, 13.02, 1.81, 3.33, 0.00, 2026-03-16 16:15:30
32, 27.52, 30.66, 4.53, 0.26, 2026-03-16 16:16:30
33, 5.00, 15.13, 7.58, 0.50, 2026-03-16 16:17:30
34, 46.23, 44.01, 2.74, 0.75, 2026-03-16 16:18:30
35, 19.54, 73.40, 10.16, 0.86, 2026-03-16 16:19:30
36, 42.08, 51.65, 2.87, 0.33, 2026-03-16 16:20:30
37, 36.54, 91.43, 0.97, 0.81, 2026-03-16 16:21:30
38, 2.48, 54.42, 13.96, 0.20, 2026-03-16 16:22:30
39, 16.23, 64.39, 4.66, 0.81, 2026-03-16 16:23:30
40, 48.45, 14.20, 13.50, 0.87, 2026-03-16 16:24:30
41, 13.47, 82.34, 0.91, 0.58, 2026-03-16 16:25:30
42, 39.43, 24.66, 8.46, 0.03, 2026-03-16 16:26:30
43, 23.23, 57.06, 0.35, 0.31, 2026-03-16 16:27:30
44, 9.47, 94.39, 0.15, 0.02, 2026-03-16 16:28:30
45, 7.35, 61.63, 10.25, 0.50, 2026-03-16 16:29:30
46, 34.60, 42.64, 6.83, 0.01, 2026-03-16 16:30:30
47, 2.57, 82.30, 2.03, 0.34, 2026-03-16 16:31:30
48, 31.45, 7.53, 4.00, 0.72, 2026-03-16 16:32:30
49, 9.76, 82.96, 6.45, 0.85, 2026-03-16 16:33:30
50, 37.13, 66.73, 6.52, 0.81, 2026-03-16 16:34:30
51, 14.44, 82.13, 0.55, 0.53, 2026-03-16 16:35:30
52, 20.39, 70.70, 12.44, 0.87, 2026-03-16 16:36:30
53, 38.54, 42.37, 6.39, 0.68, 2026-03-16 16:37:30
54, 23.97, 88.34, 4.58, 0.08, 2026-03-16 16:38:30
55, 23.42, 72.24, 9.51, 0.33, 2026-03-16 16:39:30
56, 38.25, 65.24, 9.84, 0.43, 2026-03-16 16:40:30
57, 44.07, 40.77, 5.12, 0.85, 2026-03-16 16:41:30
58, 6.15, 94.37, 6.36, 0.62, 2026-03-16 16:42:30
59, 4.72, 4.41, 4.06, 0.09, 2026-03-16 16:43:30
60, 9.22, 99.26, 0.28, 0.56, 2026-03-16 16:44:30
61, 15.49, 46.46, 12.55, 0.22, 2026-03-16 16:45:30
62, 35.05, 29.73, 6.35, 0.49, 2026-03-16 16:46:30
63, 0.47, 29.07, 13.61, 0.19, 2026-03-16 16:47:30
64, 25.91, 70.09, 2.28, 0.75, 2026-03-16 16:48:30
65, 36.94, 57.64, 6.29, 0.76, 2026-03-16 16:49:30
66, 8.61, 59.83, 10.84, 0.14, 2026-03-16 16:50:30
67, 25.91, 57.80, 4.61, 0.21, 2026-03-16 16:51:30
68, 5.66, 26.85, 1.62, 0.93, 2026-03-16 16:52:30
69, 43.86, 64.86, 10.31, 0.65, 2026-03-16 16:53:30
70, 27.62, 33.13, 4.72, 0.51, 2026-03-16 16:54:30
71, 25.72, 25.77, 1.28, 0.98, 2026-03-16 16:55:30
72, 46.77, 32.93, 2.01, 0.61, 2026-03-16 16:56:30
73, 29.19, 13.57, 5.77, 0.44, 2026-03-16 16:57:30
74, 1.95, 43.53, 2.24, 0.20, 2026-03-16 16:58:30
75, 30.18, 54.33, 10.37, 0.79, 2026-03-16 16:59:30
76, 34.73, 28.43, 5.89, 0.99, 2026-03-16 17:00:30
77, 49.64, 66.62, 9.70, 0.15, 2026-03-16 17:01:30
78, 6.78, 93.01, 13.72, 0.56, 2026-03-16 17:02:30
79, 11.50, 13.43, 1.90, 0.43, 2026-03-16 17:03:30
80, 48.50, 92.75, 9.15, 0.10, 2026-03-16 17:04:30
81, 31.96, 66.70, 13.80, 0.39, 2026-03-16 17:05:30
82, 38.90, 53.99, 12.32, 0.82, 2026-03-16 17:06:30
83, 40.00, 84.18, 1.93, 0.37, 2026-03-16 17:07:30
84, 16.75, 7.03, 9.91, 0.91, 2026-03-16 17:08:30
85, 29.14, 98.93, 7.17, 0.54, 2026-03-16 17:09:30
86, 22.93, 31.94, 12.79, 0.21, 2026-03-16 17:10:30
87, 40.43, 21.29, 3.29, 0.89, 2026-03-16 17:11:30
88, 24.09, 16.68, 3.26, 0.45, 2026-03-16 17:12:30
89, 26.72, 53.29, 13.07, 0.78, 2026-03-16 17:13:30
90, 17.54, 27.84, 10.23, 0.12, 2026-03-16 17:14:30
91, 48.16, 15.62, 2.34, 0.16, 2026-03-16 17:15:30
92, 17.35, 93.84, 3.99, 0.98, 2026-03-16 17:16:30
93, 48.97, 87.12, 13.64, 0.32, 2026-03-16 17:17:30
94, 21.77, 0.65, 2.83, 0.19, 2026-03-16 17:18:30
95, 15.45, 56.68, 7.71, 0.40, 2026-03-16 17:19:30
96, 11.83, 99.95, 13.36, 0.05, 2026-03-16 17:20:30
97, 15.22, 87.70, 0.69, 0.43, 2026-03-16 17:21:30
98, 31.23, 29.86, 0.60, 0.43, 2026-03-16 17:22:30
99, 17.74, 95.07, 7.07, 0.01, 2026-03-16 17:23:30
100, 47.50, 48.16, 13.83, 0.68, 2026-03-16 17:24:30
101, 46.06, 34.63, 12.43, 0.63, 2026-03-16 17:25:30
102, 44.35, 77.96, 6.16, 0.37, 2026-03-16 17:26:30
103, 9.83, 5.07, 3.86, 0.65, 2026-03-16 17:27:30
104, 45.32, 65.91, 5.86, 0.46, 2026-03-16 17:28:30
105, 19.57, 62.44, 2.21, 0.80, 2026-03-16 17:29:30
106, 18.65, 52.94, 9.47, 0.20, 2026-03-16 17:30:30
107, 32.17, 47.07, 12.04, 0.43, 2026-03-16 17:31:30
108, 13.44, 57.40, 2.60, 0.65, 2026-03-16 17:32:30
109, 27.64, 23.02, 1.31, 0.29, 2026-03-16 17:33:30
110, 26.99, 70.82, 10.56, 0.82, 2026-03-16 17:34:30
111, 17.12, 30.08, 8.87, 0.98, 2026-03-16 17:35:30
112, 3.48, 66.07, 10.67, 0.37, 2026-03-16 17:36:30
113, 32.15, 48.15, 1.64, 0.04, 2026-03-16 17:37:30
114, 13.81, 18.10, 0.33, 0.05, 2026-03-16 17:38:30
115, 45.16, 74.27, 13.61, 0.60, 2026-03-16 17:39:30
116, 16.75, 37.13, 10.89, 0.66, 2026-03-16 17:40:30
117, 21.26, 11.99, 6.52, 0.74, 2026-03-16 17:41:30
118, 1.36, 14.32, 11.23, 0.71, 2026-03-16 17:42:30
119, 1.20, 73.42, 12.32, 0.38, 2026-03-16 17:43:30
120, 10.54, 80.04, 9.08, 0.65, 2026-03-16 17:44:30
121, 15.66, 93.59, 11.40, 0.92, 2026-03-16 17:45:30
122, 46.00, 74.50, 0.09, 0.76, 2026-03-16 17:46:30
123, 30.76, 57.46, 8.56, 0.34, 2026-03-16 17:47:30
124, 4.33, 31.02, 2.73, 0.65, 2026-03-16 17:48:30
125, 24.80, 39.36, 12.68, 0.10, 2026-03-16 17:49:30
126, 44.42, 71.68, 10.81, 0.41, 2026-03-16 17:50:30
127, 46.27, 54.94, 4.21, 0.52, 2026-03-16 17:51:30
128, 36.06, 15.55, 3.84, 0.32, 2026-03-16 17:52:30
129, 3.13, 25.62, 2.37, 0.89, 2026-03-16 17:53:30
130, 39.86, 99.40, 1.13, 0.26, 2026-03-16 17:54:30
131, 33.31, 55.55, 8.13, 0.14, 2026-03-16 17:55:30
132, 18.37, 10.87, 5.60, 0.73, 2026-03-16 17:56:30
133, 6.42, 21.06, 4.89, 0.14, 2026-03-16 17:57:30
134, 28.44, 34.21, 5.38, 0.42, 2026-03-16 17:58:30
135, 6.83, 72.61, 2.99, 0.70, 2026-03-16 17:59:30
136, 44.87, 8.47, 5.16, 0.55, 2026-03-16 18:00:30
137, 47.90, 49.25, 1.84, 0.06, 2026-03-16 18:01:30
138, 15.32, 98.19, 3.24, 0.64, 2026-03-16 18:02:30
139, 17.46, 5.58, 9.97, 0.13, 2026-03-16 18:03:30
140, 46.38, 76.61, 12.39, 0.13, 2026-03-16 18:04:30
141, 4.61, 51.16, 10.68, 0.30, 2026-03-16 18:05:30
142, 21.02, 21.39, 12.46, 0.42, 2026-03-16 18:06:30
143, 7.70, 2.54, 13.54, 0.89, 2026-03-16 18:07:30
144, 47.16, 22.79, 2.64, 0.67, 2026-03-16 18:08:30
145, 23.60, 47.62, 9.56, 0.17, 2026-03-16 18:09:30
146, 37.62, 4.39, 13.65, 0.15, 2026-03-16 18:10:30
147, 18.20, 22.71, 12.19, 0.11, 2026-03-16 18:11:30
148, 21.19, 56.29, 9.47, 0.28, 2026-03-16 18:12:30
149, 28.18, 1.86, 2.01, 0.66, 2026-03-16 18:13:30
150, 35.05, 80.79, 1.00, 0.22, 2026-03-16 18:14:30
151, 44.01, 98.94, 13.19, 0.71, 2026-03-16 18:15:30
152, 48.40, 50.62, 7.37, 0.16, 2026-03-16 18:16:30
153, 24.20, 81.99, 11.72, 0.64, 2026-03-16 18:17:30
154, 17.32, 79.66, 5.04, 0.18, 2026-03-16 18:18:30
155, 40.81, 0.22, 13.34, 0.53, 2026-03-16 18:19:30
156, 20.93, 6.08, 4.60, 0.73, 2026-03-16 18:20:30
157, 6.24, 23.48, 7.28, 0.95, 2026-03-16 18:21:30
158, 28.76, 88.12, 3.39, 0.80, 2026-03-16 18:22:30
159, 31.20, 94.17, 7.70, 0.44, 2026-03-16 18:23:30
160, 49.39, 12.21, 9.84, 0.68, 2026-03-16 18:24:30
161, 13.95, 91.72, 8.93, 0.54, 2026-03-16 18:25:30
162, 10.30, 13.76, 13.52, 0.28, 2026-03-16 18:26:30
163, 10.89, 9.53, 12.38, 0.50, 2026-03-16 18:27:30
164, 19.06, 10.30, 13.01, 0.20, 2026-03-16 18:28:30
165, 38.22, 44.45, 13.32, 0.58, 2026-03-16 18:29:30
166, 5.67, 47.21, 3.47, 0.30, 2026-03-16 18:30:30
167, 5.02, 98.70, 3.26, 0.02, 2026-03-16 18:31:30
168, 46.22, 55.91, 7.98, 0.02, 2026-03-16 18:32:30
169, 27.46, 94.32, 2.24, 0.59, 2026-03-16 18:33:30
170, 17.73, 24.59, 12.63, 0.19, 2026-03-16 18:34:30
171, 24.35, 0.17, 8.74, 0.78, 2026-03-16 18:35:30
172, 34.33, 81.36, 1.35, 0.58, 2026-03-16 18:36:30
173, 43.85, 71.35, 7.41, 0.59, 2026-03-16 18:37:30
174, 14.63, 90.03, 6.49, 0.01, 2026-03-16 18:38:30
175, 21.54, 1.12, 6.51, 0.04, 2026-03-16 18:39:30
176, 30.33, 58.22, 7.18, 0.13, 2026-03-16 18:40:30
177, 19.61, 85.43, 7.16, 0.18, 2026-03-16 18:41:30
178, 36.12, 58.16, 11.37, 0.75, 2026-03-16 18:42:30
179, 47.40, 99.81, 2.27, 0.79, 2026-03-16 18:43:30
180, 30.83, 59.82, 13.73, 0.89, 2026-03-16 18:44:30
181, 13.19, 88.86, 5.26, 0.70, 2026-03-16 18:45:30
182, 49.78, 76.65, 11.18, 0.38, 2026-03-16 18:46:30
183, 7.14, 68.17, 10.51, 0.75, 2026-03-16 18:47:30
184, 38.44, 23.75, 6.24, 0.13, 2026-03-16 18:48:30
185, 15.60, 38.80, 11.61, 0.34, 2026-03-16 18:49:30
186, 7.27, 88.63, 12.16, 0.01, 2026-03-16 18:50:30
187, 16.60, 14.23, 7.26, 0.61, 2026-03-16 18:51:30
188, 17.93, 14.36, 3.67, 0.33, 2026-03-16 18:52:30
189, 6.60, 59.80, 9.02, 0.27, 2026-03-16 18:53:30
190, 0.59, 95.28, 9.66, 0.01, 2026-03-16 18:54:30
191, 8.51, 44.68, 8.79, 0.06, 2026-03-16 18:55:30
192, 2.58, 85.24, 11.43, 0.29, 2026-03-16 18:56:30
193, 10.96, 6.30, 3.96, 0.77, 2026-03-16 18:57:30
194, 18.31, 18.26, 10.85, 0.13, 2026-03-16 18:58:30
195, 38.78, 27.34, 10.43, 0.97, 2026-03-16 18:59:30
196, 0.35, 41.77, 2.15, 0.24, 2026-03-16 19:00:30
197, 4.75, 25.12, 7.28, 0.33, 2026-03-16 19:01:30
198, 1.84, 62.26, 1.52, 0.65, 2026-03-16 19:02:30
199, 42.66, 53.64, 9.27, 0.51, 2026-03-16 19:03:30
200, 0.14, 3.55, 8.43, 0.02, 2026-03-16 19:04:30
201, 21.53, 17.95, 1.02, 0.81, 2026-03-16 19:05:30
202, 1.67, 77.46, 10.75, 0.47, 2026-03-16 19:06:30
203, 41.10, 1.17, 12.95, 0.26, 2026-03-16 19:07:30
204, 28.08, 66.98, 5.57, 0.13, 2026-03-16 19:08:30
205, 8.64, 3.89, 3.07, 0.54, 2026-03-16 19:09:30
206, 33.62, 22.04, 7.77, 0.24, 2026-03-16 19:10:30
207, 46.91, 96.14, 6.36, 0.34, 2026-03-16 19:11:30
208, 3.76, 67.68, 4.36, 0.91, 2026-03-16 19:12:30
209, 33.44, 81.88, 6.02, 0.47, 2026-03-16 19:13:30
210, 35.09, 24.73, 8.60, 0.51, 2026-03-16 19:14:30
211, 21.04, 75.89, 2.43, 0.53, 2026-03-16 19:15:30
212, 46.46, 43.05, 3.78, 0.65, 2026-03-16 19:16:30
213, 39.56, 93.29, 13.85, 0.25, 2026-03-16 19:17:30
214, 21.33, 47.22, 0.87, 0.83, 2026-03-16 19:18:30
215, 28.87, 51.41, 8.87, 0.41, 2026-03-16 19:19:30
216, 31.43, 94.74, 13.79, 0.70, 2026-03-16 19:20:30
217, 3.15, 84.33, 8.66, 0.41, 2026-03-16 19:21:30
218, 41.64, 46.73, 8.55, 0.90, 2026-03-16 19:22:30
219, 46.39, 69.79, 8.91, 0.47, 2026-03-16 19:23:30
220, 46.12, 51.15, 8.06, 0.61, 2026-03-16 19:24:30
221, 39.13, 68.64, 1.51, 0.45, 2026-03-16 19:25:30
222, 35.69, 38.48, 2.71, 0.66, 2026-03-16 19:26:30
223, 16.50, 76.79, 12.06, 0.26, 2026-03-16 19:27:30
224, 46.44, 29.95, 2.72, 0.27, 2026-03-16 19:28:30
225, 7.44, 89.69, 13.05, 0.96, 2026-03-16 19:29:30
226, 39.69, 58.22, 8.24, 0.45, 2026-03-16 19:30:30
227, 5.24, 79.27, 6.86, 0.45, 2026-03-16 19:31:30
228, 13.01, 0.58, 9.13, 1.00, 2026-03-16 19:32:30
229, 19.28, 83.39, 12.39, 0.78, 2026-03-16 19:33:30
230, 42.72, 24.68, 0.62, 0.11, 2026-03-16 19:34:30
231, 8.05, 7.75, 11.62, 0.06, 2026-03-16 19:35:30
232, 7.41, 46.71, 0.59, 0.68, 2026-03-16 19:36:30
233, 43.39, 40.47, 9.75, 0.08, 2026-03-16 19:37:30
234, 42.92, 2.11, 12.69, 0.13, 2026-03-16 19:38:30
235, 6.00, 78.88, 13.20, 0.48, 2026-03-16 19:39:30
236, 28.40, 28.77, 5.15, 0.93, 2026-03-16 19:40:30
237, 12.25, 69.09, 9.28, 0.54, 2026-03-16 19:41:30
238, 3.76, 62.76, 3.37, 0.73, 2026-03-16 19:42:30
239, 22.08, 57.91, 3.70, 0.66, 2026-03-16 19:43:30
240, 18.24, 46.48, 2.28, 0.14, 2026-03-16 19:44:30
241, 28.38, 57.29, 3.75, 0.42, 2026-03-16 19:45:30
242, 10.32, 49.40, 6.41, 0.05, 2026-03-16 19:46:30
243, 27.41, 21.27, 3.28, 0.23, 2026-03-16 19:47:30
244, 18.86, 1.28, 1.71, 0.68, 2026-03-16 19:48:30
245, 20.58, 35.46, 11.37, 0.70, 2026-03-16 19:49:30
246, 25.48, 37.81, 13.16, 0.21, 2026-03-16 19:50:30
247, 47.49, 18.98, 12.86, 0.57, 2026-03-16 19:51:30
248, 28.17, 58.89, 10.10, 1.00, 2026-03-16 19:52:30
249, 0.14, 38.90, 0.48, 0.24, 2026-03-16 19:53:30
250, 46.21, 99.26, 9.31, 0.49, 2026-03-16 19:54:30
251, 18.48, 37.22, 8.89, 0.02, 2026-03-16 19:55:30
252, 6.27, 11.77, 11.85, 0.71, 2026-03-16 19:56:30
253, 17.14, 70.30, 10.33, 0.87, 2026-03-16 19:57:30
254, 9.82, 63.04, 11.64, 0.40, 2026-03-16 19:58:30
255, 43.44, 60.81, 8.11, 0.93, 2026-03-16 19:59:30
256, 31.74, 41.66, 5.80, 0.78, 2026-03-16 20:00:30
257, 16.67, 62.20, 5.81, 0.51, 2026-03-16 20:01:30
258, 0.21, 78.94, 6.76, 0.88, 2026-03-16 20:02:30
259, 48.57, 35.66, 6.26, 0.83, 2026-03-16 20:03:30
260, 7.84, 82.06, 0.03, 0.60, 2026-03-16 20:04:30
261, 45.10, 39.55, 12.23, 0.32, 2026-03-16 20:05:30
262, 4.08, 79.78, 1.88, 0.32, 2026-03-16 20:06:30
263, 39.46, 31.36, 0.89, 0.55, 2026-03-16 20:07:30
264, 18.81, 80.68, 6.57, 0.15, 2026-03-16 20:08:30
265, 6.32, 82.18, 12.05, 0.82, 2026-03-16 20:09:30
266, 17.25, 43.85, 5.54, 0.81, 2026-03-16 20:10:30
267, 7.34, 3.61, 0.06, 0.32, 2026-03-16 20:11:30
268, 36.08, 62.05, 8.17, 0.11, 2026-03-16 20:12:30
269, 17.96, 87.29, 9.61, 0.98, 2026-03-16 20:13:30
270, 0.84, 57.48, 8.40, 0.14, 2026-03-16 20:14:30
271, 35.36, 56.75, 3.11, 0.91, 2026-03-16 20:15:30
272, 24.55, 89.93, 9.04, 0.96, 2026-03-16 20:16:30
273, 17.72, 31.97, 11.93, 0.42, 2026-03-16 20:17:30
274, 37.58, 77.50, 5.91, 0.02, 2026-03-16 20:18:30
275, 4.77, 6.24, 9.39, 0.76, 2026-03-16 20:19:30
276, 48.81, 29.82, 1.61, 0.14, 2026-03-16 20:20:30
277, 19.52, 35.69, 9.43, 0.44, 2026-03-16 20:21:30
278, 38.01, 93.74, 7.15, 0.16, 2026-03-16 20:22:30
279, 1.26, 41.19, 13.06, 0.12, 2026-03-16 20:23:30
280, 29.43, 11.51, 3.27, 0.17, 2026-03-16 20:24:30
281, 19.84, 22.82, 12.65, 0.22, 2026-03-16 20:25:30
282, 46.76, 91.54, 1.53, 0.41, 2026-03-16 20:26:30
283, 21.14, 86.84, 11.79, 0.12, 2026-03-16 20:27:30
284, 49.17, 91.54, 9.13, 0.76, 2026-03-16 20:28:30
285, 3.89, 85.09, 5.08, 0.93, 2026-03-16 20:29:30
286, 48.79, 14.25, 9.54, 0.88, 2026-03-16 20:30:30
287, 27.62, 67.04, 1.53, 0.96, 2026-03-16 20:31:30
288, 9.26, 15.68, 0.76, 0.95, 2026-03-16 20:32:30
289, 1.93, 44.13, 7.82, 0.81, 2026-03-16 20:33:30
290, 25.65, 25.74, 7.51, 0.05, 2026-03-16 20:34:30
291, 7.05, 66.81, 13.24, 0.00, 2026-03-16 20:35:30
292, 35.62, 81.50, 10.96, 0.20, 2026-03-16 20:36:30
293, 45.49, 13.93, 4.40, 0.35, 2026-03-16 20:37:30
294, 11.72, 72.86, 6.38, 0.93, 2026-03-16 20:38:30
295, 25.17, 94.76, 9.69, 0.88, 2026-03-16 20:39:30
296, 35.13, 0.79, 6.46, 0.57, 2026-03-16 20:40:30
297, 23.60, 63.39, 5.49, 0.39, 2026-03-16 20:41:30
298, 0.45, 48.00, 4.40, 0.14, 2026-03-16 20:42:30
299, 33.40, 45.68, 6.15, 0.67, 2026-03-16 20:43:30
300, 1.90, 62.13, 8.74, 0.82, 2026-03-16 20:44:30
301, 39.07, 78.77, 1.67, 0.26, 2026-03-16 20:45:30
302, 0.64, 51.52, 9.94, 0.09, 2026-03-16 20:46:30
303, 25.01, 62.96, 9.19, 0.96, 2026-03-16 20:47:30
304, 23.47, 93.34, 4.73, 0.51, 2026-03-16 20:48:30
305, 14.73, 26.23, 0.17, 0.86, 2026-03-16 20:49:30
306, 42.66, 54.33, 8.19, 0.06, 2026-03-16 20:50:30
307, 41.42, 1.13, 11.38, 0.03, 2026-03-16 20:51:30
308, 37.10, 23.99, 11.58, 0.16, 2026-03-16 20:52:30
309, 49.68, 14.30, 5.60, 0.86, 2026-03-16 20:53:30
310, 34.70, 60.31, 11.93, 0.32, 2026-03-16 20:54:30
311, 28.48, 88.36, 0.09, 0.95, 2026-03-16 20:55:30
312, 36.00, 47.94, 1.40, 0.37, 2026-03-16 20:56:30
313, 25.53, 56.40, 0.77, 0.75, 2026-03-16 20:57:30
314, 19.06, 68.88, 0.30, 0.32, 2026-03-16 20:58:30
315, 42.66, 88.94, 8.21, 0.68, 2026-03-16 20:59:30
316, 25.60, 85.76, 8.01, 0.92, 2026-03-16 21:00:30
317, 12.67, 33.34, 11.35, 0.02, 2026-03-16 21:01:30
318, 28.37, 37.45, 11.50, 0.73, 2026-03-16 21:02:30
319, 7.31, 65.81, 10.91, 0.26, 2026-03-16 21:03:30
320, 29.78, 47.32, 9.70, 0.92, 2026-03-16 21:04:30
321, 26.51, 55.80, 2.67, 0.25, 2026-03-16 21:05:30
322, 41.81, 43.93, 11.59, 0.62, 2026-03-16 21:06:30
323, 18.94, 43.02, 4.38, 0.85, 2026-03-16 21:07:30
324, 47.11, 94.23, 7.99, 0.93, 2026-03-16 21:08:30
325, 33.73, 26.84, 0.49, 0.26, 2026-03-16 21:09:30
326, 41.42, 49.25, 1.21, 0.56, 2026-03-16 21:10:30
327, 3.47, 68.28, 0.60, 0.94, 2026-03-16 21:11:30
328, 7.14, 2.35, 8.34, 0.08, 2026-03-16 21:12:30
329, 8.52, 4.42, 1.68, 0.21, 2026-03-16 21:13:30
330, 18.31, 59.86, 10.36, 0.78, 2026-03-16 21:14:30
331, 22.45, 75.40, 8.05, 0.42, 2026-03-16 21:15:30
332, 26.63, 24.33, 0.94, 0.20, 2026-03-16 21:16:30
333, 38.85, 63.86, 11.05, 0.75, 2026-03-16 21:17:30
334, 28.94, 90.20, 9.10, 0.24, 2026-03-16 21:18:30
335, 29.31, 46.86, 12.53, 0.71, 2026-03-16 21:19:30
336, 15.78, 52.03, 11.44, 0.93, 2026-03-16 21:20:30
337, 32.69, 60.38, 8.04, 0.14, 2026-03-16 21:21:30
338, 1.33, 25.20, 0.34, 0.81, 2026-03-16 21:22:30
339, 25.64, 76.25, 13.83, 0.93, 2026-03-16 21:23:30
340, 34.50, 79.11, 11.71, 0.89, 2026-03-16 21:24:30
341, 24.32, 91.59, 11.50, 0.35, 2026-03-16 21:25:30
342, 41.34, 82.85, 0.60, 0.34, 2026-03-16 21:26:30
343, 17.43, 30.79, 6.53, 0.96, 2026-03-16 21:27:30
344, 48.66, 63.46, 12.57, 0.72, 2026-03-16 21:28:30
345, 30.49, 59.96, 4.43, 0.20, 2026-03-16 21:29:30
346, 38.91, 76.60, 6.72, 0.85, 2026-03-16 21:30:30
347, 21.31, 13.85, 2.74, 0.60, 2026-03-16 21:31:30
348, 36.34, 89.75, 2.56, 0.31, 2026-03-16 21:32:30
349, 6.76, 35.36, 12.74, 0.52, 2026-03-16 21:33:30
350, 24.33, 77.93, 4.62, 0.59, 2026-03-16 21:34:30
351, 20.79, 27.42, 12.86, 0.69, 2026-03-16 21:35:30
352, 44.08, 31.89, 12.71, 0.83, 2026-03-16 21:36:30
353, 3.69, 17.52, 1.97, 0.22, 2026-03-16 21:37:30
354, 24.44, 78.82, 6.09, 0.21, 2026-03-16 21:38:30
355, 22.55, 34.62, 12.28, 0.27, 2026-03-16 21:39:30
356, 43.11, 15.55, 13.24, 0.93, 2026-03-16 21:40:30
357, 23.10, 98.59, 12.09, 0.43, 2026-03-16 21:41:30
358, 18.94, 54.26, 1.48, 0.87, 2026-03-16 21:42:30
359, 12.64, 22.21, 6.21, 0.61, 2026-03-16 21:43:30
360, 35.64, 80.68, 6.32, 0.81, 2026-03-16 21:44:30
361, 24.36, 25.57, 12.21, 0.65, 2026-03-16 21:45:30
362, 46.60, 24.76, 10.51, 0.36, 2026-03-16 21:46:30
363, 12.78, 63.08, 10.36, 0.46, 2026-03-16 21:47:30
364, 11.07, 43.94, 6.88, 0.39, 2026-03-16 21:48:30
365, 30.57, 62.87, 7.35, 0.87, 2026-03-16 21:49:30
366, 11.51, 18.81, 6.96, 0.22, 2026-03-16 21:50:30
367, 36.55, 78.77, 3.73, 0.06, 2026-03-16 21:51:30
368, 2.26, 61.31, 9.27, 0.37, 2026-03-16 21:52:30
369, 34.90, 54.75, 5.15, 0.65, 2026-03-16 21:53:30
370, 39.38, 35.44, 11.46, 0.91, 2026-03-16 21:54:30
371, 45.71, 1.91, 7.33, 0.34, 2026-03-16 21:55:30
372, 41.79, 90.48, 10.09, 0.45, 2026-03-16 21:56:30
373, 6.73, 87.88, 10.71, 0.30, 2026-03-16 21:57:30
374, 33.70, 6.66, 2.25, 0.85, 2026-03-16 21:58:30
375, 6.39, 38.81, 8.97, 0.03, 2026-03-16 21:59:30
376, 18.18, 53.40, 2.88, 0.37, 2026-03-16 22:00:30
377, 48.02, 53.80, 7.23, 0.98, 2026-03-16 22:01:30
378, 32.09, 60.00, 7.87, 0.63, 2026-03-16 22:02:30
379, 45.38, 31.88, 13.98, 0.74, 2026-03-16 22:03:30
380, 32.17, 98.83, 0.90, 0.08, 2026-03-16 22:04:30
381, 49.44, 11.44, 6.83, 0.84, 2026-03-16 22:05:30
382, 12.46, 81.01, 3.99, 0.10, 2026-03-16 22:06:30
383, 6.36, 22.19, 11.96, 0.17, 2026-03-16 22:07:30
384, 2.94, 64.71, 3.89, 0.83, 2026-03-16 22:08:30
385, 46.74, 49.61, 3.30, 0.10, 2026-03-16 22:09:30
386, 49.35, 75.73, 6.10, 0.47, 2026-03-16 22:10:30
387, 6.14, 11.91, 13.54, 0.14, 2026-03-16 22:11:30
388, 24.39, 40.79, 6.78, 0.35, 2026-03-16 22:12:30
389, 26.88, 49.49, 8.80, 0.25, 2026-03-16 22:13:30
390, 20.09, 33.20, 8.28, 0.49, 2026-03-16 22:14:30
391, 40.96, 26.88, 3.13, 0.80, 2026-03-16 22:15:30
392, 21.39, 31.07, 8.49, 0.92, 2026-03-16 22:16:30
393, 34.39, 47.18, 6.67, 0.11, 2026-03-16 22:17:30
394, 11.10, 88.00, 5.94, 0.51, 2026-03-16 22:18:30
395, 42.66, 79.04, 3.67, 0.68, 2026-03-16 22:19:30
396, 5.98, 16.30, 6.64, 0.52, 2026-03-16 22:20:30
397, 27.53, 96.11, 2.15, 0.98, 2026-03-16 22:21:30
398, 24.15, 82.69, 4.62, 0.68, 2026-03-16 22:22:30
399, 35.01, 28.98, 1.37, 0.89, 2026-03-16 22:23:30
400, 33.70, 16.49, 6.31, 0.97, 2026-03-16 22:24:30
401, 34.62, 29.64, 3.10, 0.76, 2026-03-16 22:25:30
402, 32.58, 30.34, 0.64, 1.00, 2026-03-16 22:26:30
403, 39.90, 48.42, 10.48, 0.16, 2026-03-16 22:27:30
404, 9.76, 53.41, 0.82, 0.01, 2026-03-16 22:28:30
405, 10.20, 23.48, 0.82, 0.10, 2026-03-16 22:29:30
406, 37.57, 77.05, 3.96, 0.49, 2026-03-16 22:30:30
407, 33.64, 82.71, 12.01, 0.05, 2026-03-16 22:31:30
408, 45.36, 13.08, 8.42, 0.46, 2026-03-16 22:32:30
409, 41.38, 58.24, 6.75, 0.47, 2026-03-16 22:33:30
410, 24.36, 64.41, 4.86, 0.32, 2026-03-16 22:34:30
411, 3.15, 13.34, 4.51, 0.02, 2026-03-16 22:35:30
412, 13.87, 8.29, 11.11, 0.36, 2026-03-16 22:36:30
413, 4.00, 81.92, 5.23, 0.35, 2026-03-16 22:37:30
414, 18.55, 92.01, 10.71, 0.91, 2026-03-16 22:38:30
415, 2.28, 20.43, 12.80, 0.57, 2026-03-16 22:39:30
416, 7.15, 41.08, 5.32, 0.05, 2026-03-16 22:40:30
417, 18.94, 72.37, 4.26, 0.30, 2026-03-16 22:41:30
418, 42.31, 79.96, 12.72, 0.05, 2026-03-16 22:42:30
419, 8.01, 45.22, 12.74, 0.37, 2026-03-16 22:43:30
420, 41.75, 65.25, 10.72, 0.32, 2026-03-16 22:44:30
421, 8.35, 99.87, 2.22, 0.13, 2026-03-16 22:45:30
422, 20.63, 31.38, 8.69, 0.06, 2026-03-16 22:46:30
423, 26.71, 52.60, 9.94, 0.39, 2026-03-16 22:47:30
424, 15.18, 48.85, 8.94, 0.53, 2026-03-16 22:48:30
425, 1.90, 89.54, 10.66, 0.98, 2026-03-16 22:49:30
426, 37.60, 94.89, 11.76, 0.89, 2026-03-16 22:50:30
427, 0.39, 93.59, 6.58, 0.98, 2026-03-16 22:51:30
428, 12.16, 36.70, 8.31, 0.75, 2026-03-16 22:52:30
429, 43.01, 83.90, 7.05, 0.49, 2026-03-16 22:53:30
430, 42.63, 27.13, 3.17, 0.25, 2026-03-16 22:54:30
431, 12.97, 67.82, 10.07, 0.09, 2026-03-16 22:55:30
432, 10.87, 12.88, 10.66, 0.85, 2026-03-16 22:56:30
433, 45.13, 5.35, 13.47, 0.89, 2026-03-16 22:57:30
434, 6.73, 55.23, 10.98, 0.72, 2026-03-16 22:58:30
435, 46.51, 86.10, 13.88, 0.27, 2026-03-16 22:59:30
436, 39.19, 63.22, 5.99, 0.68, 2026-03-16 23:00:30
437, 48.00, 18.70, 7.43, 0.14, 2026-03-16 23:01:30
438, 28.73, 39.34, 6.85, 0.91, 2026-03-16 23:02:30
439, 37.45, 32.82, 6.25, 0.92, 2026-03-16 23:03:30
440, 30.96, 37.79, 9.30, 0.13, 2026-03-16 23:04:30
441, 23.86, 93.59, 0.60, 0.07, 2026-03-16 23:05:30
442, 41.53, 35.12, 12.78, 0.55, 2026-03-16 23:06:30
443, 32.90, 28.55, 6.94, 0.31, 2026-03-16 23:07:30
444, 32.22, 13.46, 13.28, 0.31, 2026-03-16 23:08:30
445, 33.71, 67.09, 5.53, 0.45, 2026-03-16 23:09:30
446, 18.37, 56.23, 11.87, 0.65, 2026-03-16 23:10:30
447, 46.85, 92.45, 5.99, 0.79, 2026-03-16 23:11:30
448, 7.48, 56.32, 11.10, 0.64, 2026-03-16 23:12:30
449, 33.59, 6.13, 2.43, 0.20, 2026-03-16 23:13:30
450, 29.09, 36.83, 13.04, 0.58, 2026-03-16 23:14:30
451, 16.43, 4.84, 0.48, 0.84, 2026-03-16 23:15:30
452, 45.95, 84.24, 5.15, 0.99, 2026-03-16 23:16:30
453, 30.80, 70.02, 3.93, 0.44, 2026-03-16 23:17:30
454, 46.35, 94.11, 3.82, 0.23, 2026-03-16 23:18:30
455, 8.16, 69.68, 3.25, 0.26, 2026-03-16 23:19:30
456, 17.79, 29.33, 1.76, 0.79, 2026-03-16 23:20:30
457, 40.17, 72.96, 7.77, 0.65, 2026-03-16 23:21:30
458, 1.87, 90.76, 1.05, 0.13, 2026-03-16 23:22:30
459, 24.23, 77.03, 9.67, 0.25, 2026-03-16 23:23:30
460, 30.39, 0.47, 6.00, 0.20, 2026-03-16 23:24:30
461, 40.27, 46.54, 5.64, 0.79, 2026-03-16 23:25:30
462, 42.74, 97.46, 3.71, 0.57, 2026-03-16 23:26:30
463, 8.71, 65.60, 6.40, 0.55, 2026-03-16 23:27:30
464, 34.56, 45.80, 2.40, 0.18, 2026-03-16 23:28:30
465, 29.73, 2.22, 5.86, 0.41, 2026-03-16 23:29:30
466, 37.60, 55.42, 1.56, 0.71, 2026-03-16 23:30:30
467, 3.80, 85.25, 8.11, 0.57, 2026-03-16 23:31:30
468, 30.86, 15.22, 5.70, 0.62, 2026-03-16 23:32:30
469, 33.42, 93.85, 0.14, 0.82, 2026-03-16 23:33:30
470, 32.95, 38.84, 11.99, 0.74, 2026-03-16 23:34:30
471, 6.12, 59.45, 10.27, 0.52, 2026-03-16 23:35:30
472, 25.77, 22.86, 13.59, 0.53, 2026-03-16 23:36:30
473, 8.74, 80.17, 0.37, 0.16, 2026-03-16 23:37:30
474, 9.35, 17.46, 4.72, 0.97, 2026-03-16 23:38:30
475, 22.91, 47.81, 11.85, 0.52, 2026-03-16 23:39:30
476, 38.01, 9.65, 1.51, 0.06, 2026-03-16 23:40:30
477, 1.85, 87.28, 5.32, 0.54, 2026-03-16 23:41:30
478, 37.71, 18.99, 8.56, 0.97, 2026-03-16 23:42:30
479, 28.33, 8.57, 10.11, 0.72, 2026-03-16 23:43:30
480, 4.72, 5.74, 1.33, 0.73, 2026-03-16 23:44:30
481, 3.96, 71.18, 9.43, 0.20, 2026-03-16 23:45:30
482, 35.49, 91.66, 8.16, 0.70, 2026-03-16 23:46:30
483, 19.67, 61.10, 9.35, 0.45, 2026-03-16 23:47:30
484, 37.78, 93.08, 12.15, 0.49, 2026-03-16 23:48:30
485, 7.51, 80.25, 11.52, 0.58, 2026-03-16 23:49:30
486, 23.02, 66.71, 8.75, 0.64, 2026-03-16 23:50:30
487, 23.61, 48.43, 1.63, 0.32, 2026-03-16 23:51:30
488, 30.00, 67.82, 9.05, 0.85, 2026-03-16 23:52:30
489, 12.48, 17.76, 9.59, 0.51, 2026-03-16 23:53:30
490, 29.70, 20.90, 2.92, 0.88, 2026-03-16 23:54:30
491, 2.48, 99.68, 3.54, 0.37, 2026-03-16 23:55:30
492, 11.43, 2.91, 7.80, 0.03, 2026-03-16 23:56:30
493, 32.62, 4.35, 9.52, 0.26, 2026-03-16 23:57:30
494, 0.25, 38.98, 7.32, 0.29, 2026-03-16 23:58:30
495, 10.51, 92.64, 8.96, 0.16, 2026-03-16 23:59:30
496, 5.55, 10.56, 3.64, 0.08, 2026-03-17 00:00:30
497, 1.69, 40.54, 5.86, 0.72, 2026-03-17 00:01:30
498, 0.98, 76.21, 1.48, 0.62, 2026-03-17 00:02:30
499, 0.07, 16.19, 11.77, 0.95, 2026-03-17 00:03:30
500, 35.55, 4.72, 8.03, 0.97, 2026-03-17 00:04:30
501, 29.73, 69.26, 4.53, 0.52, 2026-03-17 00:05:30
502, 26.03, 20.87, 6.49, 0.63, 2026-03-17 00:06:30
503, 27.92, 32.91, 0.66, 0.75, 2026-03-17 00:07:30
504, 30.58, 63.60, 1.40, 0.78, 2026-03-17 00:08:30
505, 9.30, 38.28, 3.65, 0.13, 2026-03-17 00:09:30
506, 3.63, 56.73, 9.78, 0.20, 2026-03-17 00:10:30
507, 11.47, 41.43, 9.83, 0.52, 2026-03-17 00:11:30
508, 32.01, 92.18, 11.89, 0.75, 2026-03-17 00:12:30
509, 21.72, 62.79, 2.20, 1.00, 2026-03-17 00:13:30
510, 2.34, 25.59, 1.88, 0.50, 2026-03-17 00:14:30
511, 35.02, 39.09, 1.76, 0.25, 2026-03-17 00:15:30
512, 49.65, 84.67, 12.09, 0.47, 2026-03-17 00:16:30
513, 43.33, 87.85, 8.83, 0.67, 2026-03-17 00:17:30
514, 37.28, 89.75, 13.16, 0.06, 2026-03-17 00:18:30
515, 6.03, 84.31, 1.95, 0.07, 2026-03-17 00:19:30
516, 18.02, 87.07, 11.84, 0.97, 2026-03-17 00:20:30
517, 1.75, 50.90, 8.61, 0.94, 2026-03-17 00:21:30
518, 26.44, 94.49, 10.58, 0.92, 2026-03-17 00:22:30
519, 11.33, 59.17, 9.69, 0.45, 2026-03-17 00:23:30
520, 2.60, 59.63, 10.90, 0.84, 2026-03-17 00:24:30
521, 32.11, 44.26, 13.72, 0.95, 2026-03-17 00:25:30
522, 46.87, 30.63, 4.44, 0.77, 2026-03-17 00:26:30
523, 23.41, 31.86, 6.79, 0.23, 2026-03-17 00:27:30
524, 6.09, 39.34, 7.79, 0.37, 2026-03-17 00:28:30
525, 33.32, 77.64, 2.29, 0.30, 2026-03-17 00:29:30
526, 40.95, 97.01, 1.11, 0.05, 2026-03-17 00:30:30
527, 6.66, 19.23, 8.34, 0.82, 2026-03-17 00:31:30
528, 24.61, 2.47, 8.46, 0.69, 2026-03-17 00:32:30
529, 24.29, 40.64, 11.06, 0.21, 2026-03-17 00:33:30
530, 22.63, 62.92, 11.84, 0.08, 2026-03-17 00:34:30
531, 23.59, 49.24, 1.46, 0.30, 2026-03-17 00:35:30
532, 4.04, 27.04, 7.09, 0.87, 2026-03-17 00:36:30
533, 0.22, 65.22, 4.20, 0.64, 2026-03-17 00:37:30
534, 33.74, 30.73, 5.43, 0.21, 2026-03-17 00:38:30
535, 41.13, 23.50, 10.04, 0.50, 2026-03-17 00:39:30
536, 46.17, 55.32, 8.82, 0.03, 2026-03-17 00:40:30
537, 38.82, 88.24, 8.03, 0.38, 2026-03-17 00:41:30
538, 0.14, 98.26, 1.04, 0.90, 2026-03-17 00:42:30
539, 36.85, 79.74, 5.50, 0.22, 2026-03-17 00:43:30
540, 15.01, 56.34, 10.52, 0.53, 2026-03-17 00:44:30
541, 6.58, 13.94, 7.75, 0.21, 2026-03-17 00:45:30
542, 38.04, 21.37, 6.92, 0.89, 2026-03-17 00:46:30
543, 5.20, 54.34, 13.53, 0.26, 2026-03-17 00:47:30
544, 43.05, 88.40, 9.49, 0.00, 2026-03-17 00:48:30
545, 14.98, 76.45, 12.24, 0.02, 2026-03-17 00:49:30
546, 10.25, 76.41, 1.15, 0.28, 2026-03-17 00:50:30
547, 13.78, 44.78, 10.88, 0.61, 2026-03-17 00:51:30
548, 37.45, 61.54, 12.29, 0.56, 2026-03-17 00:52:30
549, 26.81, 2.26, 6.77, 0.91, 2026-03-17 00:53:30
550, 32.39, 22.75, 10.41, 0.71, 2026-03-17 00:54:30
551, 9.61, 72.20, 4.02, 0.54, 2026-03-17 00:55:30
552, 36.37, 0.08, 1.41, 0.89, 2026-03-17 00:56:30
553, 12.35, 72.76, 3.75, 0.36, 2026-03-17 00:57:30
554, 29.16, 65.28, 6.72, 0.44, 2026-03-17 00:58:30
555, 25.31, 43.88, 10.01, 0.73, 2026-03-17 00:59:30
556, 15.13, 5.07, 0.08, 0.36, 2026-03-17 01:00:30
557, 5.66, 86.73, 9.53, 0.29, 2026-03-17 01:01:30
558, 40.61, 16.85, 0.17, 0.48, 2026-03-17 01:02:30
559, 35.43, 15.70, 9.15, 0.42, 2026-03-17 01:03:30
560, 42.54, 16.85, 10.96, 0.17, 2026-03-17 01:04:30
561, 10.81, 22.81, 5.07, 0.27, 2026-03-17 01:05:30
562, 28.36, 60.87, 5.73, 0.74, 2026-03-17 01:06:30
563, 12.65, 54.70, 9.77, 0.50, 2026-03-17 01:07:30
564, 37.11, 77.49, 10.96, 0.45, 2026-03-17 01:08:30
565, 8.17, 2.05, 10.75, 0.56, 2026-03-17 01:09:30
566, 31.86, 13.73, 9.91, 0.13, 2026-03-17 01:10:30
567, 34.04, 1.55, 0.98, 0.66, 2026-03-17 01:11:30
568, 23.30, 93.33, 1.94, 0.43, 2026-03-17 01:12:30
569, 10.59, 50.36, 11.11, 0.30, 2026-03-17 01:13:30
570, 24.65, 87.35, 7.61, 0.71, 2026-03-17 01:14:30
571, 37.33, 33.05, 3.42, 0.50, 2026-03-17 01:15:30
572, 37.79, 97.46, 5.48, 0.52, 2026-03-17 01:16:30
573, 19.71, 61.04, 5.57, 0.59, 2026-03-17 01:17:30
574, 20.61, 51.62, 10.77, 0.77, 2026-03-17 01:18:30
575, 27.14, 24.61, 8.02, 0.66, 2026-03-17 01:19:30
576, 35.69, 12.24, 1.62, 0.46, 2026-03-17 01:20:30
577, 32.20, 57.28, 3.24, 0.64, 2026-03-17 01:21:30
578, 30.17, 96.97, 1.21, 0.03, 2026-03-17 01:22:30
579, 31.21, 12.81, 12.71, 0.95, 2026-03-17 01:23:30
580, 46.86, 11.79, 7.61, 0.42, 2026-03-17 01:24:30
581, 45.97, 54.64, 3.60, 0.89, 2026-03-17 01:25:30
582, 16.63, 96.83, 9.33, 0.67, 2026-03-17 01:26:30
583, 6.72, 57.85, 3.22, 0.48, 2026-03-17 01:27:30
584, 32.07, 84.48, 2.67, 0.16, 2026-03-17 01:28:30
585, 16.47, 23.58, 5.28, 0.13, 2026-03-17 01:29:30
586, 2.35, 70.13, 10.85, 0.54, 2026-03-17 01:30:30
587, 46.45, 6.04, 3.80, 0.76, 2026-03-17 01:31:30
588, 39.34, 95.42, 6.75, 0.15, 2026-03-17 01:32:30
589, 12.91, 51.92, 0.84, 0.64, 2026-03-17 01:33:30
590, 25.02, 43.83, 5.59, 0.23, 2026-03-17 01:34:30
591, 35.11, 52.36, 1.97, 0.84, 2026-03-17 01:35:30
592, 10.11, 49.00, 5.23, 0.64, 2026-03-17 01:36:30
593, 24.54, 7.39, 13.47, 0.29, 2026-03-17 01:37:30
594, 43.93, 15.36, 12.24, 0.23, 2026-03-17 01:38:30
595, 5.52, 2.89, 13.28, 0.45, 2026-03-17 01:39:30
596, 35.55, 51.37, 13.75, 0.86, 2026-03-17 01:40:30
597, 16.86, 0.07, 7.76, 0.68, 2026-03-17 01:41:30
598, 46.18, 15.20, 7.03, 0.03, 2026-03-17 01:42:30
599, 44.93, 37.37, 6.08, 0.11, 2026-03-17 01:43:30
600, 12.78, 72.94, 2.86, 0.11, 2026-03-17 01:44:30
601, 37.89, 44.96, 10.48, 0.27, 2026-03-17 01:45:30
602, 2.96, 69.31, 2.57, 0.26, 2026-03-17 01:46:30
603, 1.20, 71.65, 8.21, 0.25, 2026-03-17 01:47:30
604, 1.12, 10.85, 4.88, 0.88, 2026-03-17 01:48:30
605, 24.41, 24.41, 7.27, 0.50, 2026-03-17 01:49:30
606, 25.81, 61.65, 0.53, 0.80, 2026-03-17 01:50:30
607, 39.12, 20.23, 3.82, 0.33, 2026-03-17 01:51:30
608, 28.38, 51.53, 10.57, 0.98, 2026-03-17 01:52:30
609, 8.26, 50.67, 7.44, 0.90, 2026-03-17 01:53:30
610, 22.83, 96.73, 0.45, 0.92, 2026-03-17 01:54:30
611, 46.60, 58.73, 12.06, 0.99, 2026-03-17 01:55:30
612, 47.02, 33.14, 5.88, 0.67, 2026-03-17 01:56:30
613, 22.51, 28.37, 10.69, 0.25, 2026-03-17 01:57:30
614, 4.96, 62.02, 8.42, 0.42, 2026-03-17 01:58:30
615, 40.95, 86.42, 11.88, 0.17, 2026-03-17 01:59:30
616, 40.51, 8.13, 8.78, 0.79, 2026-03-17 02:00:30
617, 7.75, 17.03, 1.90, 0.65, 2026-03-17 02:01:30
618, 42.22, 90.52, 3.92, 0.70, 2026-03-17 02:02:30
619, 25.12, 88.67, 6.74, 0.20, 2026-03-17 02:03:30
620, 29.50, 5.68, 7.90, 0.86, 2026-03-17 02:04:30
621, 18.37, 93.54, 1.81, 0.72, 2026-03-17 02:05:30
622, 19.96, 23.25, 4.47, 0.94, 2026-03-17 02:06:30
623, 43.97, 99.52, 5.39, 0.98, 2026-03-17 02:07:30
624, 28.10, 94.24, 13.38, 0.25, 2026-03-17 02:08:30
625, 28.76, 14.67, 5.85, 0.65, 2026-03-17 02:09:30
626, 45.12, 71.72, 4.47, 0.19, 2026-03-17 02:10:30
627, 40.49, 64.12, 2.61, 0.05, 2026-03-17 02:11:30
628, 0.13, 44.02, 9.53, 0.24, 2026-03-17 02:12:30
629, 39.57, 79.59, 6.84, 0.38, 2026-03-17 02:13:30
630, 2.47, 80.44, 11.88, 0.54, 2026-03-17 02:14:30
631, 12.07, 1.27, 1.94, 0.76, 2026-03-17 02:15:30
632, 15.37, 89.47, 5.67, 0.22, 2026-03-17 02:16:30
633, 33.99, 92.34, 3.73, 0.69, 2026-03-17 02:17:30
634, 10.84, 89.45, 1.02, 0.19, 2026-03-17 02:18:30
635, 16.74, 65.88, 10.45, 0.36, 2026-03-17 02:19:30
636, 5.80, 91.82, 2.81, 0.74, 2026-03-17 02:20:30
637, 33.95, 24.34, 10.42, 0.35, 2026-03-17 02:21:30
638, 29.44, 96.79, 5.30, 0.60, 2026-03-17 02:22:30
639, 29.44, 11.51, 5.52, 0.16, 2026-03-17 02:23:30
640, 21.87, 1.55, 2.43, 0.71, 2026-03-17 02:24:30
641, 6.45, 76.92, 8.41, 0.22, 2026-03-17 02:25:30
642, 14.01, 21.00, 13.94, 0.62, 2026-03-17 02:26:30
643, 48.23, 52.85, 13.51, 0.61, 2026-03-17 02:27:30
644, 38.72, 20.90, 1.21, 0.46, 2026-03-17 02:28:30
645, 19.71, 43.75, 11.64, 0.39, 2026-03-17 02:29:30
646, 23.16, 63.63, 8.79, 0.61, 2026-03-17 02:30:30
647, 0.58, 28.22, 6.58, 0.49, 2026-03-17 02:31:30
648, 12.45, 66.36, 13.82, 0.91, 2026-03-17 02:32:30
649, 49.49, 73.42, 5.19, 0.32, 2026-03-17 02:33:30
650, 24.56, 71.76, 1.02, 0.57, 2026-03-17 02:34:30
651, 49.60, 62.07, 9.43, 0.95, 2026-03-17 02:35:30
652, 36.39, 31.19, 11.63, 0.66, 2026-03-17 02:36:30
653, 35.32, 31.88, 10.04, 0.93, 2026-03-17 02:37:30
654, 1.22, 0.43, 11.89, 0.24, 2026-03-17 02:38:30
655, 0.30, 27.49, 10.02, 0.72, 2026-03-17 02:39:30
656, 47.29, 47.88, 1.48, 0.14, 2026-03-17 02:40:30
657, 36.74, 64.97, 7.82, 0.76, 2026-03-17 02:41:30
658, 7.73, 75.24, 11.51, 0.28, 2026-03-17 02:42:30
659, 5.84, 8.70, 10.33, 0.17, 2026-03-17 02:43:30
660, 31.64, 50.72, 6.42, 0.73, 2026-03-17 02:44:30
661, 39.58, 60.91, 5.57, 0.06, 2026-03-17 02:45:30
662, 26.51, 54.77, 11.55, 0.32, 2026-03-17 02:46:30
663, 23.75, 63.56, 7.14, 0.48, 2026-03-17 02:47:30
664, 31.86, 38.23, 4.47, 0.88, 2026-03-17 02:48:30
665, 12.17, 12.82, 2.47, 0.95, 2026-03-17 02:49:30
666, 24.08, 93.10, 4.06, 0.15, 2026-03-17 02:50:30
667, 22.23, 86.04, 0.74, 0.72, 2026-03-17 02:51:30
668, 2.60, 35.69, 7.36, 0.25, 2026-03-17 02:52:30
669, 11.62, 81.17, 12.62, 0.52, 2026-03-17 02:53:30
670, 7.27, 2.34, 12.15, 0.82, 2026-03-17 02:54:30
671, 36.36, 68.76, 3.71, 0.04, 2026-03-17 02:55:30
672, 16.96, 57.64, 13.29, 0.79, 2026-03-17 02:56:30
673, 40.05, 56.35, 3.77, 0.97, 2026-03-17 02:57:30
674, 29.49, 15.10, 0.80, 0.75, 2026-03-17 02:58:30
675, 24.37, 65.48, 7.65, 0.71, 2026-03-17 02:59:30
676, 22.73, 70.38, 1.68, 0.93, 2026-03-17 03:00:30
677, 0.85, 21.10, 4.05, 0.71, 2026-03-17 03:01:30
678, 47.00, 47.00, 11.54, 0.88, 2026-03-17 03:02:30
679, 23.88, 53.57, 5.93, 0.34, 2026-03-17 03:03:30
680, 48.69, 54.48, 11.89, 0.66, 2026-03-17 03:04:30
681, 4.95, 13.07, 12.77, 0.52, 2026-03-17 03:05:30
682, 25.14, 59.14, 3.26, 0.78, 2026-03-17 03:06:30
683, 8.17, 96.56, 2.47, 0.90, 2026-03-17 03:07:30
684, 10.79, 67.24, 12.02, 0.66, 2026-03-17 03:08:30
685, 27.02, 87.27, 9.12, 0.67, 2026-03-17 03:09:30
686, 44.56, 20.68, 0.96, 0.79, 2026-03-17 03:10:30
687, 42.39, 6.59, 6.43, 0.96, 2026-03-17 03:11:30
688, 18.47, 5.24, 5.63, 0.45, 2026-03-17 03:12:30
689, 11.77, 78.60, 2.96, 0.00, 2026-03-17 03:13:30
690, 7.52, 71.25, 6.45, 0.12, 2026-03-17 03:14:30
691, 39.85, 6.95, 13.05, 0.72, 2026-03-17 03:15:30
692, 30.85, 66.81, 12.50, 0.47, 2026-03-17 03:16:30
693, 30.18, 64.36, 1.54, 0.11, 2026-03-17 03:17:30
694, 44.10, 83.49, 7.14, 0.99, 2026-03-17 03:18:30
695, 18.25, 94.55, 12.29, 0.17, 2026-03-17 03:19:30
696, 13.03, 14.53, 7.34, 0.26, 2026-03-17 03:20:30
697, 35.73, 26.71, 4.28, 0.44, 2026-03-17 03:21:30
698, 18.45, 25.56, 12.77, 0.78, 2026-03-17 03:22:30
699, 5.95, 2.44, 11.68, 0.23, 2026-03-17 03:23:30
700, 42.31, 37.76, 12.63, 0.54, 2026-03-17 03:24:30
701, 20.69, 15.20, 11.48, 0.41, 2026-03-17 03:25:30
702, 35.08, 23.62, 8.20, 0.10, 2026-03-17 03:26:30
703, 48.17, 62.29, 3.00, 0.86, 2026-03-17 03:27:30
704, 14.42, 15.09, 9.26, 0.36, 2026-03-17 03:28:30
705, 22.33, 9.27, 5.10, 0.54, 2026-03-17 03:29:30
706, 45.05, 24.34, 4.10, 0.96, 2026-03-17 03:30:30
707, 13.31, 66.92, 13.09, 0.18, 2026-03-17 03:31:30
708, 49.85, 76.90, 1.38, 0.22, 2026-03-17 03:32:30
709, 29.22, 80.73, 13.50, 0.58, 2026-03-17 03:33:30
710, 2.28, 57.41, 3.74, 0.87, 2026-03-17 03:34:30
711, 49.15, 32.78, 0.52, 0.60, 2026-03-17 03:35:30
712, 50.00, 67.80, 11.09, 0.19, 2026-03-17 03:36:30
713, 37.42, 56.28, 8.21, 0.65, 2026-03-17 03:37:30
714, 19.75, 98.00, 11.73, 0.98, 2026-03-17 03:38:30
715, 39.11, 62.45, 4.44, 0.94, 2026-03-17 03:39:30
716, 3.49, 9.16, 3.18, 0.02, 2026-03-17 03:40:30
717, 6.77, 80.01, 10.64, 0.31, 2026-03-17 03:41:30
718, 25.78, 29.31, 0.76, 0.21, 2026-03-17 03:42:30
719, 8.50, 7.13, 13.24, 0.59, 2026-03-17 03:43:30
720, 42.42, 61.62, 5.94, 0.31, 2026-03-17 03:44:30
721, 17.14, 75.88, 2.87, 0.76, 2026-03-17 03:45:30
722, 20.29, 5.05, 4.39, 0.35, 2026-03-17 03:46:30
723, 30.80, 29.18, 1.35, 0.58, 2026-03-17 03:47:30
724, 48.56, 87.58, 7.86, 0.60, 2026-03-17 03:48:30
725, 24.64, 10.24, 6.37, 0.92, 2026-03-17 03:49:30
726, 31.00, 11.92, 13.73, 0.21, 2026-03-17 03:50:30
727, 33.86, 64.56, 7.97, 0.72, 2026-03-17 03:51:30
728, 9.67, 13.69, 8.39, 0.48, 2026-03-17 03:52:30
729, 17.94, 54.33, 6.76, 0.55, 2026-03-17 03:53:30
730, 19.74, 32.14, 0.26, 0.72, 2026-03-17 03:54:30
731, 6.18, 85.39, 5.84, 0.78, 2026-03-17 03:55:30
732, 25.69, 93.35, 12.70, 0.76, 2026-03-17 03:56:30
733, 24.44, 46.74, 4.57, 0.41, 2026-03-17 03:57:30
734, 38.65, 5.93, 8.53, 0.08, 2026-03-17 03:58:30
735, 3.16, 62.42, 7.97, 0.52, 2026-03-17 03:59:30
736, 15.04, 69.23, 12.43, 0.57, 2026-03-17 04:00:30
737, 16.59, 55.99, 9.99, 0.33, 2026-03-17 04:01:30
738, 36.47, 94.04, 10.95, 0.88, 2026-03-17 04:02:30
739, 3.34, 27.50, 6.40, 0.90, 2026-03-17 04:03:30
740, 20.84, 35.76, 8.42, 0.48, 2026-03-17 04:04:30
741, 18.10, 42.95, 9.59, 0.42, 2026-03-17 04:05:30
742, 14.76, 40.19, 0.50, 0.22, 2026-03-17 04:06:30
743, 14.66, 36.17, 8.95, 0.16, 2026-03-17 04:07:30
744, 17.15, 1.62, 5.50, 0.63, 2026-03-17 04:08:30
745, 10.18, 23.37, 3.12, 0.09, 2026-03-17 04:09:30
746, 34.16, 33.63, 13.51, 0.81, 2026-03-17 04:10:30
747, 30.70, 30.05, 5.95, 0.97, 2026-03-17 04:11:30
748, 15.26, 52.25, 7.19, 0.88, 2026-03-17 04:12:30
749, 37.85, 30.42, 12.21, 0.25, 2026-03-17 04:13:30
750, 20.66, 71.64, 12.40, 0.16, 2026-03-17 04:14:30
751, 36.93, 99.43, 7.03, 0.50, 2026-03-17 04:15:30
752, 19.91, 12.34, 10.49, 0.89, 2026-03-17 04:16:30
753, 16.11, 77.12, 5.14, 0.43, 2026-03-17 04:17:30
754, 21.81, 21.96, 6.42, 0.63, 2026-03-17 04:18:30
755, 16.97, 45.69, 7.83, 0.64, 2026-03-17 04:19:30
756, 35.54, 8.36, 0.60, 0.26, 2026-03-17 04:20:30
757, 36.25, 18.87, 3.62, 0.87, 2026-03-17 04:21:30
758, 13.01, 85.38, 4.43, 0.60, 2026-03-17 04:22:30
759, 8.84, 43.90, 12.78, 0.03, 2026-03-17 04:23:30
760, 22.55, 31.01, 1.70, 0.68, 2026-03-17 04:24:30
761, 22.07, 15.98, 7.49, 0.67, 2026-03-17 04:25:30
762, 3.73, 58.16, 9.61, 0.60, 2026-03-17 04:26:30
763, 11.20, 5.22, 1.84, 0.25, 2026-03-17 04:27:30
764, 3.54, 97.77, 1.67, 0.04, 2026-03-17 04:28:30
765, 36.16, 96.11, 3.50, 0.90, 2026-03-17 04:29:30
766, 43.77, 94.60, 0.24, 0.40, 2026-03-17 04:30:30
767, 39.60, 39.45, 9.22, 0.90, 2026-03-17 04:31:30
768, 19.61, 15.37, 2.88, 0.54, 2026-03-17 04:32:30
769, 36.10, 16.82, 2.04, 0.74, 2026-03-17 04:33:30
770, 29.53, 69.49, 8.44, 0.17, 2026-03-17 04:34:30
771, 32.73, 17.53, 6.20, 0.77, 2026-03-17 04:35:30
772, 36.49, 42.28, 2.89, 0.83, 2026-03-17 04:36:30
773, 30.76, 28.06, 3.92, 0.59, 2026-03-17 04:37:30
774, 10.23, 40.64, 2.91, 0.57, 2026-03-17 04:38:30
775, 8.69, 34.04, 7.80, 0.93, 2026-03-17 04:39:30
776, 0.94, 51.27, 3.23, 0.14, 2026-03-17 04:40:30
777, 36.52, 34.66, 9.08, 0.23, 2026-03-17 04:41:30
778, 44.16, 11.36, 9.70, 0.91, 2026-03-17 04:42:30
779, 21.22, 69.68, 11.58, 0.86, 2026-03-17 04:43:30
780, 46.89, 91.83, 4.15, 0.38, 2026-03-17 04:44:30
781, 33.53, 58.82, 11.40, 0.89, 2026-03-17 04:45:30
782, 4.97, 92.97, 8.95, 0.26, 2026-03-17 04:46:30
783, 15.95, 53.78, 6.39, 0.58, 2026-03-17 04:47:30
784, 1.73, 52.72, 13.37, 0.30, 2026-03-17 04:48:30
785, 21.97, 2.63, 7.37, 0.41, 2026-03-17 04:49:30
786, 37.86, 67.29, 13.64, 0.58, 2026-03-17 04:50:30
787, 36.65, 26.81, 9.09, 0.79, 2026-03-17 04:51:30
788, 42.56, 24.45, 12.81, 0.59, 2026-03-17 04:52:30
789, 28.28, 10.56, 4.91, 0.37, 2026-03-17 04:53:30
790, 15.90, 49.16, 8.33, 0.82, 2026-03-17 04:54:30
791, 31.49, 2.88, 3.32, 0.98, 2026-03-17 04:55:30
792, 2.45, 61.82, 9.37, 0.01, 2026-03-17 04:56:30
793, 11.42, 31.97, 4.09, 0.19, 2026-03-17 04:57:30
794, 46.19, 48.92, 13.92, 0.07, 2026-03-17 04:58:30
795, 9.29, 32.22, 4.26, 0.53, 2026-03-17 04:59:30
796, 26.65, 46.34, 1.64, 0.53, 2026-03-17 05:00:30
797, 19.13, 83.61, 5.86, 0.28, 2026-03-17 05:01:30
798, 26.22, 34.93, 12.42, 0.70, 2026-03-17 05:02:30
799, 45.77, 63.70, 11.35, 0.90, 2026-03-17 05:03:30
800, 28.88, 48.81, 2.72, 0.43, 2026-03-17 05:04:30
801, 44.14, 12.08, 6.84, 0.13, 2026-03-17 05:05:30
802, 0.02, 96.03, 11.66, 0.45, 2026-03-17 05:06:30
803, 39.76, 7.32, 3.07, 0.68, 2026-03-17 05:07:30
804, 47.59, 91.78, 6.87, 0.43, 2026-03-17 05:08:30
805, 30.49, 56.40, 8.07, 0.50, 2026-03-17 05:09:30
806, 14.48, 4.09, 12.07, 0.56, 2026-03-17 05:10:30
807, 19.53, 96.71, 1.67, 0.78, 2026-03-17 05:11:30
808, 2.15, 12.05, 12.37, 0.83, 2026-03-17 05:12:30
809, 29.71, 10.45, 9.70, 0.47, 2026-03-17 05:13:30
810, 25.54, 76.50, 1.40, 0.92, 2026-03-17 05:14:30
811, 48.96, 51.64, 11.94, 0.51, 2026-03-17 05:15:30
812, 49.16, 23.21, 2.16, 0.65, 2026-03-17 05:16:30
813, 7.10, 85.51, 5.82, 0.61, 2026-03-17 05:17:30
814, 4.50, 38.62, 5.53, 0.17, 2026-03-17 05:18:30
815, 33.84, 40.51, 1.92, 0.72, 2026-03-17 05:19:30
816, 38.66, 78.05, 8.68, 0.69, 2026-03-17 05:20:30
817, 48.01, 72.72, 7.15, 0.08, 2026-03-17 05:21:30
818, 44.24, 86.36, 13.14, 0.85, 2026-03-17 05:22:30
819, 28.11, 42.84, 9.71, 0.93, 2026-03-17 05:23:30
820, 20.42, 31.17, 10.59, 0.73, 2026-03-17 05:24:30
821, 14.03, 5.62, 7.83, 0.79, 2026-03-17 05:25:30
822, 15.45, 48.60, 12.51, 0.49, 2026-03-17 05:26:30
823, 40.09, 11.81, 12.17, 0.45, 2026-03-17 05:27:30
824, 0.15, 1.41, 11.49, 0.61, 2026-03-17 05:28:30
825, 49.27, 22.64, 8.13, 0.50, 2026-03-17 05:29:30
826, 22.92, 49.75, 0.28, 0.77, 2026-03-17 05:30:30
827, 38.75, 36.72, 3.69, 0.52, 2026-03-17 05:31:30
828, 45.77, 34.36, 6.70, 0.37, 2026-03-17 05:32:30
829, 36.62, 29.56, 9.24, 0.93, 2026-03-17 05:33:30
830, 11.78, 72.23, 4.16, 0.63, 2026-03-17 05:34:30
831, 9.95, 5.48, 4.94, 0.40, 2026-03-17 05:35:30
832, 43.66, 64.87, 6.03, 0.36, 2026-03-17 05:36:30
833, 4.00, 62.08, 7.99, 0.92, 2026-03-17 05:37:30
834, 23.72, 18.95, 7.71, 0.37, 2026-03-17 05:38:30
835, 12.72, 67.18, 1.60, 0.52, 2026-03-17 05:39:30
836, 4.91, 79.56, 0.47, 0.40, 2026-03-17 05:40:30
837, 30.57, 48.27, 5.64, 0.54, 2026-03-17 05:41:30
838, 3.27, 75.85, 1.06, 0.83, 2026-03-17 05:42:30
839, 35.45, 94.49, 9.16, 0.61, 2026-03-17 05:43:30
840, 21.55, 79.29, 13.00, 0.87, 2026-03-17 05:44:30
841, 3.03, 71.07, 2.56, 0.20, 2026-03-17 05:45:30
842, 4.06, 74.35, 3.70, 0.47, 2026-03-17 05:46:30
843, 2.19, 46.25, 11.60, 0.81, 2026-03-17 05:47:30
844, 22.84, 41.70, 9.30, 0.84, 2026-03-17 05:48:30
845, 21.85, 30.81, 7.06, 0.80, 2026-03-17 05:49:30
846, 45.03, 53.91, 3.21, 0.52, 2026-03-17 05:50:30
847, 28.89, 29.93, 12.22, 0.81, 2026-03-17 05:51:30
848, 31.49, 83.67, 4.52, 0.21, 2026-03-17 05:52:30
849, 7.51, 7.71, 2.07, 0.84, 2026-03-17 05:53:30
850, 16.70, 24.47, 6.01, 0.08, 2026-03-17 05:54:30
851, 29.64, 64.11, 0.30, 0.94, 2026-03-17 05:55:30
852, 19.90, 23.83, 2.03, 0.83, 2026-03-17 05:56:30
853, 6.76, 24.37, 9.96, 0.54, 2026-03-17 05:57:30
854, 37.44, 29.00, 4.09, 0.27, 2026-03-17 05:58:30
855, 22.91, 41.02, 1.94, 0.36, 2026-03-17 05:59:30
856, 16.45, 45.11, 2.16, 0.62, 2026-03-17 06:00:30
857, 48.89, 8.27, 3.21, 0.99, 2026-03-17 06:01:30
858, 9.69, 5.95, 11.79, 0.35, 2026-03-17 06:02:30
859, 37.84, 89.03, 4.74, 0.11, 2026-03-17 06:03:30
860, 11.71, 57.15, 10.95, 0.70, 2026-03-17 06:04:30
861, 1.93, 54.28, 11.23, 0.26, 2026-03-17 06:05:30
862, 26.22, 51.82, 4.57, 0.81, 2026-03-17 06:06:30
863, 20.44, 35.11, 8.58, 0.30, 2026-03-17 06:07:30
864, 14.73, 58.86, 6.91, 0.50, 2026-03-17 06:08:30
865, 28.95, 87.14, 3.09, 0.49, 2026-03-17 06:09:30
866, 26.40, 83.58, 11.67, 0.57, 2026-03-17 06:10:30
867, 39.89, 67.42, 6.39, 0.18, 2026-03-17 06:11:30
868, 9.23, 0.93, 5.78, 0.91, 2026-03-17 06:12:30
869, 44.28, 23.97, 8.23, 0.09, 2026-03-17 06:13:30
870, 2.41, 1.21, 12.98, 0.03, 2026-03-17 06:14:30
871, 44.74, 97.69, 6.85, 0.31, 2026-03-17 06:15:30
872, 9.93, 48.29, 13.23, 0.38, 2026-03-17 06:16:30
873, 19.77, 36.80, 13.26, 0.80, 2026-03-17 06:17:30
874, 5.52, 50.23, 3.70, 0.22, 2026-03-17 06:18:30
875, 19.21, 23.83, 1.17, 0.66, 2026-03-17 06:19:30
876, 18.73, 42.62, 5.67, 0.09, 2026-03-17 06:20:30
877, 41.04, 15.02, 12.71, 0.85, 2026-03-17 06:21:30
878, 2.34, 84.14, 3.11, 0.96, 2026-03-17 06:22:30
879, 39.38, 92.35, 13.87, 0.73, 2026-03-17 06:23:30
880, 30.98, 64.87, 8.97, 0.99, 2026-03-17 06:24:30
881, 13.73, 27.90, 3.73, 0.06, 2026-03-17 06:25:30
882, 31.04, 26.94, 7.35, 0.92, 2026-03-17 06:26:30
883, 29.51, 60.91, 13.44, 0.72, 2026-03-17 06:27:30
884, 41.77, 97.75, 9.22, 0.02, 2026-03-17 06:28:30
885, 19.77, 87.12, 8.90, 1.00, 2026-03-17 06:29:30
886, 7.66, 35.67, 12.14, 0.80, 2026-03-17 06:30:30
887, 18.24, 60.80, 5.21, 0.57, 2026-03-17 06:31:30
888, 2.11, 88.23, 3.47, 0.18, 2026-03-17 06:32:30
889, 23.57, 9.19, 0.92, 0.06, 2026-03-17 06:33:30
890, 32.28, 62.85, 7.54, 0.43, 2026-03-17 06:34:30
891, 44.84, 59.45, 11.99, 0.19, 2026-03-17 06:35:30
892, 25.24, 10.02, 8.47, 0.65, 2026-03-17 06:36:30
893, 28.33, 78.07, 9.44, 0.64, 2026-03-17 06:37:30
894, 45.34, 19.02, 0.72, 0.90, 2026-03-17 06:38:30
895, 15.50, 22.90, 12.89, 0.48, 2026-03-17 06:39:30
896, 42.85, 26.10, 13.46, 0.96, 2026-03-17 06:40:30
897, 32.28, 7.55, 3.71, 0.23, 2026-03-17 06:41:30
898, 33.85, 35.22, 10.66, 0.69, 2026-03-17 06:42:30
899, 9.54, 78.36, 8.03, 0.55, 2026-03-17 06:43:30
900, 11.34, 51.22, 2.88, 0.07, 2026-03-17 06:44:30
901, 34.90, 3.83, 13.42, 0.55, 2026-03-17 06:45:30
902, 37.66, 25.51, 6.93, 0.79, 2026-03-17 06:46:30
903, 35.68, 76.63, 13.34, 0.77, 2026-03-17 06:47:30
904, 18.07, 14.35, 7.14, 0.52, 2026-03-17 06:48:30
905, 43.20, 27.99, 11.40, 0.68, 2026-03-17 06:49:30
906, 5.69, 49.46, 2.48, 0.80, 2026-03-17 06:50:30
907, 38.28, 54.67, 13.25, 0.94, 2026-03-17 06:51:30
908, 37.59, 21.27, 13.37, 0.53, 2026-03-17 06:52:30
909, 27.96, 58.47, 6.37, 0.16, 2026-03-17 06:53:30
910, 2.20, 74.62, 6.29, 0.11, 2026-03-17 06:54:30
911, 3.59, 98.08, 11.47, 0.40, 2026-03-17 06:55:30
912, 37.93, 16.97, 2.14, 0.18, 2026-03-17 06:56:30
913, 29.98, 53.62, 9.72, 0.16, 2026-03-17 06:57:30
914, 13.05, 39.08, 4.24, 0.99, 2026-03-17 06:58:30
915, 16.01, 3.56, 11.74, 0.15, 2026-03-17 06:59:30
916, 36.81, 48.23, 12.26, 0.45, 2026-03-17 07:00:30
917, 16.33, 14.17, 2.24, 0.56, 2026-03-17 07:01:30
918, 1.88, 13.92, 9.76, 0.70, 2026-03-17 07:02:30
919, 14.35, 41.47, 12.58, 0.99, 2026-03-17 07:03:30
920, 7.92, 26.08, 9.51, 0.42, 2026-03-17 07:04:30
921, 36.58, 45.71, 12.87, 0.09, 2026-03-17 07:05:30
922, 16.48, 65.74, 2.63, 0.66, 2026-03-17 07:06:30
923, 48.05, 18.30, 2.03, 0.64, 2026-03-17 07:07:30
924, 37.14, 88.28, 7.36, 0.38, 2026-03-17 07:08:30
925, 29.10, 21.25, 1.45, 0.47, 2026-03-17 07:09:30
926, 44.91, 19.12, 7.72, 0.54, 2026-03-17 07:10:30
927, 33.42, 39.16, 8.43, 0.84, 2026-03-17 07:11:30
928, 28.82, 61.90, 5.77, 0.90, 2026-03-17 07:12:30
929, 27.26, 43.65, 7.46, 0.53, 2026-03-17 07:13:30
930, 21.85, 19.19, 5.74, 0.38, 2026-03-17 07:14:30
931, 9.96, 70.31, 11.12, 0.52, 2026-03-17 07:15:30
932, 12.02, 25.72, 13.88, 0.04, 2026-03-17 07:16:30
933, 15.71, 8.16, 4.82, 0.31, 2026-03-17 07:17:30
934, 34.81, 94.05, 12.00, 0.75, 2026-03-17 07:18:30
935, 46.55, 1.61, 5.23, 0.87, 2026-03-17 07:19:30
936, 46.75, 72.81, 2.84, 0.41, 2026-03-17 07:20:30
937, 36.61, 64.92, 8.55, 0.21, 2026-03-17 07:21:30
938, 30.36, 17.34, 1.14, 0.85, 2026-03-17 07:22:30
939, 47.69, 9.11, 10.42, 0.54, 2026-03-17 07:23:30
940, 30.22, 72.97, 12.48, 0.32, 2026-03-17 07:24:30
941, 45.90, 81.46, 13.63, 0.12, 2026-03-17 07:25:30
942, 20.42, 70.68, 13.88, 0.63, 2026-03-17 07:26:30
943, 9.79, 17.44, 9.61, 0.68, 2026-03-17 07:27:30
944, 3.12, 35.29, 6.11, 0.91, 2026-03-17 07:28:30
945, 19.53, 5.17, 3.64, 0.51, 2026-03-17 07:29:30
946, 38.49, 6.21, 11.79, 0.94, 2026-03-17 07:30:30
947, 27.43, 62.38, 13.77, 0.13, 2026-03-17 07:31:30
948, 5.82, 70.59, 5.25, 0.25, 2026-03-17 07:32:30
949, 9.72, 25.84, 1.59, 0.61, 2026-03-17 07:33:30
950, 45.90, 9.07, 12.05, 0.63, 2026-03-17 07:34:30
951, 49.54, 53.35, 0.64, 0.51, 2026-03-17 07:35:30
952, 34.66, 53.96, 0.38, 0.50, 2026-03-17 07:36:30
953, 1.21, 38.15, 8.64, 0.47, 2026-03-17 07:37:30
954, 38.06, 59.94, 12.14, 0.69, 2026-03-17 07:38:30
955, 35.73, 35.90, 7.47, 0.36, 2026-03-17 07:39:30
956, 48.19, 87.26, 1.72, 0.01, 2026-03-17 07:40:30
957, 17.53, 4.13, 12.85, 0.14, 2026-03-17 07:41:30
958, 0.71, 97.45, 12.66, 0.36, 2026-03-17 07:42:30
959, 12.48, 54.20, 13.82, 0.27, 2026-03-17 07:43:30
960, 23.42, 61.56, 5.92, 0.46, 2026-03-17 07:44:30
961, 27.19, 15.73, 11.94, 0.78, 2026-03-17 07:45:30
962, 16.18, 80.80, 12.03, 0.27, 2026-03-17 07:46:30
963, 29.44, 13.57, 6.25, 0.98, 2026-03-17 07:47:30
964, 12.05, 19.76, 4.87, 0.96, 2026-03-17 07:48:30
965, 0.00, 57.26, 8.01, 0.75, 2026-03-17 07:49:30
966, 19.63, 52.15, 1.28, 0.56, 2026-03-17 07:50:30
967, 15.63, 42.96, 1.11, 0.52, 2026-03-17 07:51:30
968, 46.75, 18.96, 8.41, 0.20, 2026-03-17 07:52:30
969, 13.29, 67.93, 2.33, 0.79, 2026-03-17 07:53:30
970, 5.30, 99.19, 0.77, 0.01, 2026-03-17 07:54:30
971, 35.72, 57.44, 11.28, 0.36, 2026-03-17 07:55:30
972, 47.40, 93.04, 11.10, 0.59, 2026-03-17 07:56:30
973, 8.13, 4.30, 4.08, 0.11, 2026-03-17 07:57:30
974, 32.75, 17.62, 12.95, 0.16, 2026-03-17 07:58:30
975, 46.28, 20.73, 12.89, 0.48, 2026-03-17 07:59:30
976, 27.32, 15.13, 0.97, 0.32, 2026-03-17 08:00:30
977, 45.66, 2.86, 11.07, 0.51, 2026-03-17 08:01:30
978, 33.15, 73.63, 3.09, 0.42, 2026-03-17 08:02:30
979, 2.03, 7.68, 10.14, 0.55, 2026-03-17 08:03:30
980, 49.56, 60.14, 10.26, 0.56, 2026-03-17 08:04:30
981, 13.23, 42.45, 4.53, 0.54, 2026-03-17 08:05:30
982, 15.48, 66.44, 6.10, 0.23, 2026-03-17 08:06:30
983, 12.08, 66.74, 1.98, 0.01, 2026-03-17 08:07:30
984, 33.11, 67.21, 12.18, 0.54, 2026-03-17 08:08:30
985, 30.75, 6.80, 13.83, 0.60, 2026-03-17 08:09:30
986, 22.80, 90.76, 9.17, 0.15, 2026-03-17 08:10:30
987, 46.18, 82.55, 4.90, 0.25, 2026-03-17 08:11:30
988, 9.18, 2.24, 13.64, 0.70, 2026-03-17 08:12:30
989, 6.89, 47.02, 13.25, 0.05, 2026-03-17 08:13:30
990, 38.53, 99.33, 2.63, 1.00, 2026-03-17 08:14:30
991, 40.97, 38.33, 5.65, 0.66, 2026-03-17 08:15:30
992, 27.42, 20.41, 8.02, 0.77, 2026-03-17 08:16:30
993, 45.34, 44.11, 0.73, 0.37, 2026-03-17 08:17:30
994, 42.63, 65.36, 2.62, 0.99, 2026-03-17 08:18:30
995, 6.24, 78.48, 12.02, 0.82, 2026-03-17 08:19:30
